0 0.786692 0.599930 0.010885 0.003965
0 0.768258 0.595732 0.010534 0.003965
0 0.897647 0.532533 0.016503 0.005364
0 0.987535 0.510494 0.020716 0.007929
0 1.071805 0.498018 0.025632 0.017957
0 0.922753 0.490322 0.021770 0.015159
0 0.261763 0.501982 0.063553 0.072062
0 1.175211 0.466418 0.006320 0.007929
0 1.128862 0.456157 0.063202 0.022388
0 1.098490 0.450560 0.026334 0.011660
0 0.629213 0.449044 0.022472 0.010494
0 1.156601 0.435285 0.010534 0.009562
0 1.123771 0.428172 0.055829 0.020056
0 1.064958 0.414762 0.017556 0.014226
0 1.195400 0.367071 0.029143 0.020522
0 1.170822 0.349930 0.022121 0.021688
0 0.845681 0.344100 0.015098 0.027285
0 0.684515 0.334771 0.014396 0.008629
0 0.136236 0.329874 0.016152 0.008629
0 0.855864 0.336171 0.020014 0.023554
0 0.313904 0.312383 0.004916 0.002565
0 0.306706 0.310868 0.004565 0.002332
0 0.333567 0.314482 0.032303 0.013759
0 1.228933 0.300140 0.011236 0.008396
0 0.543715 0.296175 0.017907 0.005131
0 0.885183 0.287080 0.009129 0.011660
0 1.227879 0.281600 0.031601 0.016558
0 0.635358 0.278218 0.010885 0.011194
0 1.111482 0.275187 0.008076 0.009795
0 0.896243 0.273787 0.016503 0.015392
0 1.029494 0.262010 0.014045 0.015159
0 1.111833 0.255247 0.003160 0.004431
0 1.099719 0.254081 0.016854 0.010961
0 0.585499 0.235541 0.017907 0.008396
0 1.039677 0.231460 0.016854 0.010028
0 0.936973 0.229944 0.020716 0.026119
0 0.969277 0.231227 0.037570 0.030550
0 1.085674 0.196362 0.015449 0.008396
0 1.040555 0.186917 0.020716 0.013293
0 0.969101 0.177006 0.021067 0.013060
0 0.481742 0.164412 0.022472 0.016791
0 1.085499 0.160215 0.018610 0.014925
0 0.964712 0.155667 0.015801 0.010028
0 1.100421 0.153218 0.014045 0.008862
0 0.555478 0.150420 0.010534 0.003265
0 0.683111 0.143424 0.018610 0.010728
0 1.089010 0.126516 0.023525 0.010961
0 0.847788 0.119986 0.020014 0.012360
0 1.042662 0.108326 0.017907 0.010494
0 0.839361 0.080224 0.013694 0.004664
0 0.847963 0.061917 0.084270 0.019823
0 0.750351 0.039296 0.028090 0.007229
