0 0.978757 0.656017 0.018610 0.006996
0 0.660990 0.647971 0.024930 0.004897
0 0.637465 0.633162 0.040379 0.025187
0 0.595857 0.610424 0.026685 0.010961
0 0.778617 0.615205 0.041784 0.028918
0 0.548279 0.603778 0.022823 0.012127
0 1.120435 0.596315 0.028792 0.016325
0 0.503160 0.574394 0.033006 0.008862
0 0.579705 0.583489 0.115871 0.031250
0 0.653792 0.565065 0.028090 0.009795
0 0.636938 0.555271 0.005618 0.003265
0 0.571454 0.546292 0.010885 0.003498
0 0.653265 0.542910 0.015098 0.008396
0 0.520190 0.540345 0.020014 0.009795
0 0.532128 0.531133 0.008076 0.005830
0 0.485428 0.544426 0.049508 0.047808
0 0.612535 0.507346 0.005969 0.005364
0 0.905899 0.503265 0.012640 0.010728
0 1.140976 0.503148 0.020014 0.017957
0 0.621664 0.494753 0.017205 0.008162
0 0.623596 0.479711 0.014747 0.009795
0 0.644663 0.475979 0.008427 0.006063
0 1.025808 0.424440 0.006671 0.006063
0 0.610604 0.412197 0.008427 0.006763
0 1.014045 0.402169 0.012640 0.008162
0 0.818118 0.402285 0.009129 0.012127
0 0.484726 0.399720 0.022823 0.014459
0 0.829881 0.396455 0.010183 0.011660
0 0.445225 0.380830 0.012640 0.004664
0 1.001229 0.375583 0.078301 0.024953
0 0.837781 0.360774 0.006320 0.005597
0 0.857268 0.349580 0.005267 0.003731
0 0.824087 0.338619 0.008427 0.005597
0 0.925562 0.335121 0.007022 0.006063
0 0.535990 0.335704 0.012289 0.007696
0 0.868153 0.332439 0.003862 0.004897
0 0.801264 0.333256 0.010534 0.010728
0 0.906952 0.332090 0.021067 0.010261
0 0.862886 0.303871 0.012289 0.007463
0 0.793188 0.299907 0.007725 0.011660
0 0.680302 0.298974 0.025632 0.017724
0 0.530548 0.288596 0.014747 0.005364
0 1.177493 0.288829 0.012992 0.009562
0 1.016678 0.281250 0.003862 0.005597
0 0.391678 0.276236 0.010885 0.006297
0 0.719452 0.272854 0.008427 0.006530
0 1.128336 0.256763 0.046699 0.030784
0 0.984902 0.243004 0.009831 0.007463
0 0.931180 0.241954 0.008427 0.005830
0 1.122367 0.240555 0.008076 0.008629
0 0.154143 0.238806 0.009831 0.005131
0 1.109551 0.239039 0.009129 0.006063
0 0.919593 0.238340 0.011236 0.010261
0 0.988062 0.236007 0.005618 0.006530
0 1.120084 0.232160 0.010534 0.006297
0 0.591117 0.226562 0.011587 0.008162
0 0.686973 0.194380 0.019312 0.010961
0 0.684691 0.186451 0.002107 0.004431
0 0.907830 0.192980 0.026334 0.020756
0 0.260534 0.165578 0.014045 0.009795
0 0.227879 0.149137 0.016152 0.009095
0 0.588132 0.113106 0.006320 0.002332
0 0.602528 0.108092 0.013343 0.008162
0 0.538799 0.102495 0.031250 0.020756
0 1.052493 0.095616 0.007374 0.010728
0 0.590063 0.094683 0.017205 0.009795
0 0.625878 0.091535 0.012992 0.006763
0 1.064958 0.095616 0.023174 0.015858
0 0.689080 0.089552 0.012289 0.007463
0 0.706636 0.085121 0.016503 0.006063
0 0.965063 0.088270 0.037570 0.023554
0 1.021243 0.083022 0.031952 0.021922
0 0.997015 0.064832 0.019312 0.015858
0 1.053195 0.031483 0.006671 0.004198
0 0.835147 0.026353 0.011587 0.009328
0 1.036341 0.025886 0.020716 0.012593
0 0.854459 0.021455 0.010885 0.005597
