0 0.813027 0.634445 0.013694 0.005364
0 1.015801 0.636777 0.020365 0.011894
0 0.826721 0.612873 0.005267 0.006996
0 0.985604 0.617654 0.036517 0.027285
0 0.426264 0.607276 0.021067 0.015858
0 0.818118 0.601679 0.007022 0.008396
0 0.793188 0.595382 0.019663 0.011194
0 0.978406 0.551656 0.027739 0.012826
0 0.750000 0.547808 0.019663 0.006063
0 0.677844 0.535564 0.014396 0.006297
0 0.243855 0.542444 0.016503 0.023321
0 0.854986 0.519007 0.011938 0.004897
0 0.290204 0.517607 0.004565 0.005364
0 0.745435 0.515508 0.011938 0.004431
0 0.217872 0.524720 0.027739 0.024720
0 0.688904 0.511660 0.014747 0.004198
0 0.738588 0.511311 0.008778 0.003965
0 0.740695 0.504198 0.016503 0.006530
0 0.670822 0.500933 0.012992 0.006996
0 0.277914 0.498601 0.006671 0.006996
0 0.644838 0.495802 0.022823 0.006063
0 0.264923 0.499300 0.008076 0.016791
0 1.186622 0.479711 0.011587 0.006530
0 0.653968 0.475047 0.014396 0.008396
0 1.221910 0.473881 0.011938 0.008862
0 0.305126 0.473764 0.007725 0.009562
0 1.105513 0.469450 0.010885 0.009795
0 0.748771 0.467001 0.013694 0.006763
0 0.548982 0.470616 0.078301 0.037780
0 1.150983 0.452192 0.004213 0.005597
0 0.250527 0.470499 0.084621 0.053405
0 0.235955 0.443680 0.082865 0.030084
0 1.130794 0.421642 0.015801 0.006530
0 1.217697 0.418843 0.018258 0.008862
0 1.267907 0.405900 0.014045 0.010961
0 1.193996 0.404151 0.010885 0.007463
0 1.009656 0.395522 0.008778 0.009795
0 1.172577 0.392724 0.007374 0.007929
0 1.254916 0.380131 0.014747 0.006530
0 1.023525 0.382113 0.017556 0.010961
0 1.198385 0.385728 0.028090 0.025653
0 0.549508 0.369170 0.027388 0.005597
0 0.537746 0.361474 0.032654 0.006996
0 1.187851 0.355644 0.014747 0.012593
0 1.221559 0.351446 0.011236 0.008862
0 1.030021 0.346898 0.018610 0.007696
0 0.600070 0.347248 0.040730 0.009328
0 1.121138 0.347132 0.016854 0.011427
0 0.690836 0.340602 0.011587 0.006763
0 0.847086 0.339669 0.009480 0.007696
0 0.132725 0.343983 0.052669 0.025653
0 0.533006 0.341768 0.047753 0.025420
0 1.172051 0.325910 0.016152 0.014226
0 0.188904 0.324860 0.014045 0.014925
0 0.279319 0.333955 0.042486 0.034981
0 1.187324 0.318330 0.017205 0.013060
0 0.116573 0.314715 0.028792 0.017024
0 0.743855 0.302239 0.010183 0.004198
0 1.146067 0.308535 0.043539 0.030317
0 1.212605 0.296059 0.014396 0.008162
0 0.833743 0.295942 0.010885 0.010261
0 0.898174 0.305854 0.017556 0.030550
0 1.023174 0.292327 0.014747 0.017957
0 0.950492 0.269706 0.013343 0.008162
0 0.798982 0.258046 0.016503 0.002565
0 0.776685 0.257579 0.013343 0.005364
0 0.964010 0.250000 0.008076 0.008862
0 1.042662 0.252332 0.019312 0.015858
0 0.164150 0.248834 0.023525 0.011194
0 1.151861 0.247435 0.012992 0.011660
0 0.871489 0.242071 0.018961 0.010261
0 0.937676 0.248251 0.038272 0.024953
0 0.261763 0.241954 0.022823 0.016091
0 0.857268 0.231926 0.015098 0.007696
0 0.968926 0.231926 0.012289 0.009562
0 0.228230 0.226796 0.017556 0.007696
0 0.179249 0.228312 0.054424 0.017257
0 0.870260 0.219683 0.027037 0.017257
0 0.977353 0.207556 0.013694 0.008862
0 0.816362 0.205224 0.025983 0.007929
0 0.703827 0.213036 0.058638 0.026353
0 0.992100 0.201959 0.012289 0.010728
0 0.957514 0.198111 0.014045 0.008629
0 0.926966 0.193797 0.013343 0.004198
0 0.690836 0.193330 0.008076 0.004664
0 1.142381 0.193797 0.010885 0.007463
0 0.816187 0.193447 0.009480 0.012826
0 0.971208 0.188200 0.011236 0.008862
0 0.851124 0.194263 0.037921 0.024254
0 0.834972 0.184235 0.018961 0.014925
0 0.176615 0.186684 0.029494 0.026353
0 0.827423 0.174324 0.023525 0.012826
0 1.234024 0.164646 0.015801 0.008396
0 0.216819 0.173274 0.033357 0.031250
0 0.895541 0.171992 0.053020 0.035215
0 1.012289 0.158699 0.035112 0.022155
0 0.347437 0.149720 0.015098 0.012593
0 0.785288 0.142374 0.011587 0.008162
0 1.104635 0.146922 0.027388 0.022854
0 1.089010 0.126049 0.017205 0.010961
0 0.874298 0.131763 0.075843 0.029384
0 1.149403 0.118354 0.041784 0.013759
0 0.964010 0.082090 0.114817 0.042910
0 1.097261 0.057369 0.011236 0.006996
0 0.619382 0.023904 0.031601 0.020289
0 0.545119 0.024837 0.046699 0.025886
