0 0.391503 0.641791 0.014045 0.004664
0 0.551088 0.642840 0.031250 0.009562
0 0.557058 0.620686 0.026334 0.009095
0 0.880267 0.623484 0.027388 0.027285
0 0.358322 0.602845 0.019312 0.013526
0 0.397296 0.610658 0.051615 0.031017
0 0.927493 0.601796 0.047402 0.029151
0 0.887992 0.594450 0.037219 0.015392
0 0.290730 0.590135 0.057584 0.026353
0 0.918364 0.580807 0.013694 0.008629
0 0.721032 0.570196 0.014396 0.005597
0 0.448736 0.555387 0.007725 0.007696
0 0.757374 0.548857 0.017556 0.009095
0 0.524754 0.549440 0.030548 0.021455
0 0.202774 0.534748 0.010885 0.009328
0 0.606742 0.525187 0.021067 0.007463
0 0.275105 0.527402 0.015801 0.012360
0 0.443294 0.509562 0.013694 0.006530
0 0.668539 0.510145 0.011938 0.011894
0 0.777388 0.505480 0.020365 0.010494
0 0.165028 0.504897 0.014747 0.013526
0 1.120084 0.509795 0.027388 0.033582
0 1.061622 0.517491 0.074087 0.099813
0 0.596559 0.469450 0.016854 0.012127
0 0.533532 0.462920 0.027037 0.012593
0 0.518610 0.447062 0.016854 0.006996
0 1.000878 0.449510 0.025632 0.016091
0 0.574263 0.440182 0.008076 0.007696
0 1.148876 0.452775 0.045646 0.052006
0 1.237008 0.432719 0.019663 0.017957
0 0.488237 0.424907 0.014396 0.012127
0 1.163097 0.413130 0.009480 0.009095
0 0.484375 0.411614 0.009480 0.009328
0 0.509480 0.413946 0.035112 0.021455
0 0.869733 0.405434 0.041433 0.022621
0 0.331110 0.394823 0.014045 0.007463
0 1.223490 0.391674 0.022823 0.009095
0 0.347437 0.385961 0.011587 0.010728
0 0.333216 0.368937 0.016152 0.013993
0 0.116046 0.343284 0.029143 0.017724
0 0.281426 0.338619 0.020014 0.013060
0 0.295471 0.329641 0.013694 0.009095
0 0.680302 0.316115 0.015098 0.008162
0 1.275632 0.321129 0.041433 0.027985
0 0.325140 0.284748 0.008427 0.004198
0 0.313904 0.282299 0.009129 0.012360
0 0.716117 0.274137 0.055126 0.014226
0 0.374122 0.265392 0.012992 0.008396
0 0.521419 0.266558 0.009831 0.012593
0 0.285639 0.232276 0.013694 0.010261
0 0.191362 0.223064 0.021067 0.012360
0 0.565660 0.222715 0.018961 0.018657
0 0.712430 0.207556 0.038624 0.019123
0 0.770541 0.198344 0.017205 0.004897
0 0.749122 0.198228 0.013694 0.006996
0 0.605864 0.198344 0.017907 0.010961
0 0.305653 0.188783 0.015098 0.010028
0 0.295471 0.178288 0.014396 0.010494
0 0.239993 0.174440 0.008076 0.006530
0 0.644838 0.179921 0.022121 0.021222
0 0.711552 0.174674 0.044593 0.012127
0 0.596383 0.171409 0.012289 0.008396
0 0.573209 0.167444 0.005969 0.008396
0 0.211903 0.165112 0.013694 0.008396
0 0.341468 0.162313 0.014396 0.008862
0 0.297051 0.159049 0.013343 0.008862
0 0.606039 0.154268 0.012640 0.008162
0 0.532128 0.149370 0.041784 0.011427
0 0.401159 0.147505 0.024228 0.012826
0 0.690133 0.136077 0.014396 0.007229
0 0.991749 0.132929 0.023525 0.008396
0 0.424684 0.125000 0.013694 0.009795
0 0.524754 0.126283 0.058638 0.022621
0 0.718926 0.118237 0.018610 0.011194
0 0.534761 0.089552 0.016152 0.013993
0 0.979986 0.061684 0.024579 0.010028
0 0.954003 0.067864 0.027388 0.029384
0 0.902914 0.055970 0.049508 0.031716
0 1.080056 0.048158 0.018258 0.028218
0 0.349192 0.036497 0.012992 0.007696
