0 0.756145 0.632696 0.034761 0.009328
0 0.872542 0.619520 0.027388 0.017024
0 0.777388 0.552239 0.040730 0.020056
0 0.263694 0.528918 0.067416 0.034515
0 0.270541 0.474930 0.064958 0.065532
0 1.230162 0.424090 0.045997 0.032882
0 1.065485 0.395056 0.022121 0.011660
0 0.132198 0.394473 0.039677 0.010961
0 1.137114 0.403102 0.055829 0.038946
0 0.183989 0.377332 0.048455 0.022854
0 1.018961 0.343284 0.018961 0.007929
0 1.211552 0.340019 0.026334 0.014925
0 0.514045 0.328591 0.026685 0.005131
0 0.949965 0.326959 0.027739 0.013060
0 1.077949 0.330107 0.115871 0.087453
0 0.887289 0.295709 0.028090 0.028451
0 0.647999 0.294660 0.045997 0.027285
0 0.133427 0.311917 0.070225 0.072528
0 0.523174 0.264576 0.029494 0.012826
0 0.870260 0.263526 0.037570 0.017724
0 0.708919 0.255714 0.017556 0.007696
0 0.168013 0.268074 0.028441 0.044076
0 0.266854 0.246618 0.035112 0.030084
0 0.934691 0.237640 0.024579 0.019123
0 0.908006 0.206973 0.016152 0.008629
0 0.812500 0.218633 0.042837 0.035681
0 0.172226 0.201959 0.027739 0.014925
0 0.568469 0.176073 0.017556 0.009795
0 0.831110 0.166978 0.013343 0.005131
0 0.818469 0.147038 0.014045 0.011427
0 0.758427 0.170709 0.101826 0.059235
0 0.239291 0.147388 0.009480 0.014459
0 0.975246 0.100513 0.035463 0.027052
0 0.745611 0.109841 0.154846 0.085354
