0 1.058287 0.630480 0.017556 0.012360
0 0.854810 0.607509 0.086025 0.029851
0 0.605513 0.567164 0.012289 0.003731
0 0.493855 0.574160 0.063553 0.022388
0 0.954529 0.539296 0.012289 0.008162
0 0.687500 0.528451 0.024579 0.004664
0 0.293890 0.519356 0.007725 0.006530
0 0.362711 0.515042 0.008427 0.003965
0 0.250527 0.509095 0.027739 0.027985
0 0.209445 0.475863 0.023525 0.020289
0 0.878160 0.386777 0.020365 0.007696
0 0.210323 0.254664 0.007022 0.006996
0 0.527563 0.218167 0.013694 0.010028
0 0.500702 0.217817 0.023876 0.012127
0 0.496489 0.203358 0.012640 0.009795
0 0.522823 0.203591 0.013343 0.012127
0 0.602528 0.173741 0.013343 0.004198
0 0.313553 0.173041 0.016152 0.014459
0 0.574789 0.171175 0.033006 0.019590
0 0.709972 0.162313 0.083567 0.022854
0 0.642381 0.150420 0.036868 0.009328
0 0.573560 0.143074 0.047402 0.026819
0 0.382022 0.115788 0.020365 0.011894
0 0.410815 0.090252 0.010534 0.007929
0 1.009656 0.040812 0.008076 0.011660
