0 0.281952 0.563433 0.016152 0.006063
0 0.719628 0.557836 0.026334 0.006063
0 0.766152 0.551772 0.012640 0.010261
0 0.786692 0.512826 0.015801 0.013060
0 0.417837 0.502682 0.026685 0.017957
0 0.885358 0.499650 0.039677 0.012826
0 0.661868 0.480061 0.009129 0.004897
0 0.932058 0.486590 0.025632 0.024487
0 0.586025 0.476796 0.028792 0.018424
0 0.220857 0.472598 0.019663 0.016558
0 0.955583 0.437267 0.008076 0.005131
0 0.872718 0.434701 0.011587 0.006063
0 0.945576 0.424907 0.008427 0.006530
0 0.955407 0.416861 0.016854 0.010028
0 0.941713 0.407066 0.020365 0.015625
0 0.979986 0.394123 0.023876 0.013526
0 0.949789 0.382696 0.019663 0.019590
0 0.925211 0.373834 0.006320 0.009795
0 0.817942 0.371968 0.007374 0.008862
0 0.847086 0.368937 0.014396 0.013060
0 0.924157 0.364272 0.015449 0.006063
0 1.011587 0.362407 0.009129 0.007463
0 0.952247 0.359258 0.008427 0.003032
0 0.850597 0.354361 0.009480 0.008629
0 0.899754 0.358326 0.033357 0.045009
0 0.852528 0.332789 0.021770 0.011194
0 0.707514 0.329757 0.018258 0.012127
0 0.652914 0.308186 0.032654 0.019823
0 0.842521 0.303988 0.010183 0.011894
0 0.854810 0.290812 0.008076 0.008396
0 0.969803 0.292677 0.021067 0.015392
0 0.681531 0.278801 0.026685 0.020756
0 0.809691 0.269706 0.016854 0.009562
0 1.163975 0.264925 0.033006 0.024254
0 0.908357 0.252099 0.017556 0.011194
0 1.035990 0.246852 0.034761 0.023554
0 1.002282 0.229827 0.005969 0.003032
0 0.853230 0.219450 0.011236 0.008396
0 0.882900 0.216068 0.008076 0.008629
0 0.860428 0.208489 0.029846 0.020056
0 1.010885 0.167910 0.033708 0.026119
0 1.040555 0.148088 0.013694 0.010728
0 1.094979 0.149720 0.018610 0.018190
0 0.745787 0.127449 0.021067 0.009562
0 0.690133 0.113106 0.012289 0.006530
0 0.373069 0.097248 0.015801 0.011660
0 0.252809 0.098064 0.018258 0.028685
0 0.476124 0.055854 0.015449 0.010028
0 0.381496 0.005364 0.015801 0.009328
