0 0.642205 0.639459 0.086376 0.033116
0 0.378511 0.625466 0.006320 0.008396
0 0.953125 0.619986 0.013694 0.008629
0 0.711552 0.612174 0.017907 0.013526
0 0.811271 0.587803 0.025632 0.011894
0 0.930653 0.581973 0.050913 0.027285
0 0.780548 0.544426 0.037921 0.017024
0 0.984726 0.530434 0.024228 0.015625
0 0.914501 0.529501 0.029846 0.020289
0 0.670997 0.515275 0.083567 0.038479
0 0.637289 0.491488 0.011236 0.006297
0 0.228230 0.482509 0.018258 0.014459
0 1.097788 0.459771 0.008076 0.015625
0 0.180829 0.458605 0.018961 0.016091
0 0.207514 0.445546 0.013343 0.012826
0 0.340590 0.463036 0.057584 0.051539
0 0.306882 0.435051 0.011938 0.005830
0 0.166433 0.480644 0.088483 0.111474
0 0.404846 0.416161 0.014747 0.013759
0 0.244382 0.435984 0.055478 0.059002
0 0.655197 0.405084 0.028792 0.014459
0 0.302317 0.404734 0.035112 0.026353
0 0.276334 0.396339 0.009129 0.010961
0 0.791257 0.372551 0.044593 0.020289
0 1.214185 0.356576 0.145365 0.106343
0 1.161341 0.309935 0.089537 0.038246
0 1.237184 0.265159 0.042486 0.043377
0 1.231215 0.225163 0.079003 0.029618
0 0.447683 0.207323 0.054775 0.028918
0 0.308813 0.196245 0.012289 0.015625
0 0.274579 0.175490 0.017556 0.016558
0 0.352001 0.162313 0.027739 0.018657
0 0.398876 0.167561 0.035112 0.034748
0 0.308462 0.156367 0.023525 0.026819
0 1.075843 0.143424 0.036517 0.016791
0 0.549333 0.141791 0.018610 0.013993
0 0.474017 0.140508 0.065309 0.037080
0 0.364291 0.130714 0.087430 0.044076
0 0.426615 0.107393 0.038624 0.025886
0 0.915204 0.086054 0.042486 0.023787
0 0.855513 0.039995 0.035463 0.013759
0 0.884305 0.026353 0.022823 0.016325
0 0.844277 0.016441 0.037570 0.018890
