0 0.483848 0.523321 0.043539 0.025653
0 0.406426 0.462220 0.033357 0.026586
0 0.367275 0.443797 0.021770 0.016325
0 0.313378 0.436567 0.010885 0.011194
0 0.344101 0.417327 0.014045 0.006763
0 0.190836 0.395173 0.017205 0.003498
0 0.956987 0.272971 0.017205 0.007696
0 0.298104 0.272505 0.019663 0.010028
0 0.693820 0.217934 0.011938 0.004431
0 0.700492 0.210588 0.018961 0.007929
0 0.921875 0.193330 0.017205 0.009795
0 0.767732 0.170476 0.019312 0.003731
0 0.757900 0.165462 0.011587 0.002565
0 0.902914 0.055504 0.017205 0.014459
0 0.504916 0.036147 0.024579 0.019123
