0 0.817240 0.526702 0.012289 0.010494
0 1.061622 0.511077 0.012992 0.011894
0 1.134305 0.495919 0.008778 0.011427
0 1.064431 0.473997 0.010183 0.012826
0 0.180478 0.466535 0.016854 0.012826
0 0.209094 0.446362 0.013694 0.014925
0 1.067591 0.351329 0.017907 0.011894
0 1.152914 0.348298 0.010885 0.011894
0 0.888694 0.332206 0.019663 0.016091
0 0.836025 0.322528 0.018961 0.007463
0 1.058813 0.311451 0.012289 0.008629
0 0.855162 0.308885 0.009480 0.008162
0 0.755091 0.305854 0.015098 0.006763
0 1.268610 0.288013 0.023174 0.024720
0 1.014572 0.265275 0.012289 0.012826
0 1.050737 0.257463 0.012992 0.009795
0 1.244909 0.246269 0.012992 0.011194
0 0.179951 0.233209 0.020014 0.013526
0 1.107971 0.229478 0.010183 0.008862
0 1.145716 0.219683 0.007725 0.006063
0 1.128687 0.213853 0.013694 0.005597
0 1.107444 0.214902 0.017556 0.009095
0 1.016503 0.149487 0.023174 0.010728
0 1.092346 0.151119 0.030899 0.025187
0 0.965239 0.084538 0.013343 0.008629
0 1.068820 0.077425 0.024579 0.014459
