0 0.612535 0.520056 0.020716 0.006530
0 0.360253 0.520872 0.012640 0.010028
0 0.907654 0.514459 0.009831 0.004664
0 0.616573 0.511660 0.008427 0.006530
0 0.809164 0.503032 0.023525 0.012127
0 1.107795 0.492071 0.015449 0.010728
0 0.927844 0.449977 0.003160 0.003965
0 1.016854 0.437150 0.010534 0.006763
0 1.033708 0.428288 0.015449 0.018424
0 1.022823 0.408465 0.041433 0.021222
0 0.866749 0.402285 0.027037 0.019123
0 0.635534 0.398321 0.016854 0.012593
0 0.900632 0.369170 0.020365 0.012127
0 1.190836 0.351096 0.012992 0.005830
0 0.996313 0.330690 0.014396 0.006996
0 0.943118 0.301073 0.007022 0.007463
0 0.920471 0.278218 0.010885 0.003731
0 0.789326 0.217701 0.018961 0.010961
0 0.778265 0.210821 0.015098 0.009328
0 1.212430 0.182952 0.019663 0.011427
0 0.907479 0.154035 0.012992 0.012360
0 0.572683 0.152052 0.035112 0.016325
