0 1.066538 0.617304 0.024228 0.013526
0 0.517907 0.596549 0.019663 0.006996
0 0.530899 0.594333 0.014747 0.008629
0 0.516854 0.573694 0.011938 0.015858
0 0.468399 0.562966 0.012640 0.007929
0 0.380794 0.555737 0.008778 0.003731
0 0.983848 0.556437 0.013343 0.018657
0 0.766152 0.503615 0.012640 0.005830
0 0.759480 0.499534 0.022472 0.006996
0 0.790379 0.498018 0.009129 0.005830
0 1.050035 0.493820 0.008778 0.012360
0 0.767556 0.477379 0.012640 0.006530
0 0.907830 0.464552 0.005969 0.007463
0 1.058638 0.462337 0.019663 0.023554
0 0.745435 0.449044 0.014045 0.010961
0 1.035288 0.438783 0.024930 0.017957
0 0.815836 0.405667 0.009480 0.004431
0 0.613940 0.392491 0.008076 0.007463
0 0.253160 0.342467 0.010534 0.008162
0 0.230337 0.314599 0.010534 0.006530
0 0.286341 0.298041 0.015801 0.008862
0 0.234375 0.281133 0.008778 0.003498
0 0.583392 0.277519 0.013694 0.005131
0 0.444171 0.248134 0.009129 0.007929
0 0.139923 0.239622 0.005267 0.006763
0 0.458392 0.239272 0.023525 0.008862
0 0.260709 0.206507 0.016503 0.012360
0 0.279494 0.201842 0.005618 0.005364
0 0.282303 0.188083 0.006320 0.005364
0 1.042135 0.166395 0.014045 0.014226
0 0.169944 0.160331 0.003511 0.004431
0 0.179951 0.148787 0.008076 0.004664
0 1.090063 0.095849 0.006671 0.013526
0 0.738588 0.095149 0.015801 0.015858
0 0.514045 0.035448 0.031601 0.011660
0 0.904494 0.010028 0.032303 0.019590
