0 0.728055 0.637010 0.028441 0.017024
0 1.135885 0.585938 0.038624 0.023088
0 0.564782 0.534165 0.014396 0.007229
0 0.865344 0.403801 0.010183 0.017024
0 1.104810 0.388526 0.017205 0.016325
0 1.111657 0.359841 0.007725 0.011660
0 0.976299 0.330457 0.023525 0.012593
0 0.958919 0.289412 0.014045 0.006530
0 1.139396 0.296992 0.054775 0.034748
0 0.768785 0.236590 0.021419 0.015159
0 0.820576 0.219333 0.010534 0.009562
0 1.186447 0.220266 0.050562 0.036147
0 1.254213 0.208139 0.039326 0.034282
0 0.806355 0.193330 0.019312 0.016791
0 1.199614 0.188083 0.017205 0.009095
0 1.170119 0.187850 0.024930 0.012360
0 0.828827 0.187617 0.026334 0.023554
0 1.153617 0.181437 0.019312 0.018657
0 0.225597 0.172458 0.019312 0.007229
0 0.528441 0.173158 0.041433 0.023088
0 1.140625 0.167327 0.029143 0.012360
0 0.514572 0.123251 0.053020 0.024487
0 0.623596 0.112407 0.016854 0.013993
0 0.506847 0.096549 0.032654 0.013526
0 1.025808 0.080924 0.010183 0.006530
0 0.546699 0.037663 0.030899 0.018424
