0 0.933462 0.657766 0.015801 0.003965
0 0.394487 0.578125 0.010183 0.007463
0 0.263343 0.540229 0.012640 0.011894
0 1.196805 0.531017 0.011587 0.011660
0 0.215063 0.534398 0.032654 0.018890
0 0.276861 0.521455 0.015801 0.005597
0 0.220857 0.516091 0.038624 0.014925
0 0.392907 0.504548 0.007022 0.002099
0 0.185393 0.508396 0.014747 0.011194
0 0.370611 0.500350 0.016503 0.010494
0 0.211376 0.501516 0.031601 0.017024
0 0.446629 0.495919 0.014045 0.009095
0 0.159761 0.476096 0.013343 0.008162
0 0.220506 0.419543 0.009831 0.011660
0 0.516152 0.405550 0.015449 0.011194
0 1.268785 0.406600 0.018610 0.024487
0 0.416784 0.398204 0.013343 0.017957
0 0.398525 0.381996 0.011236 0.005131
0 0.366924 0.377449 0.014747 0.012826
0 0.293364 0.360308 0.005969 0.002799
0 0.253511 0.359375 0.016152 0.006063
0 0.321629 0.352612 0.006320 0.003731
0 0.185218 0.334888 0.011587 0.007929
0 0.657128 0.333256 0.015098 0.005597
0 0.414853 0.333372 0.010885 0.009095
0 0.325492 0.330924 0.023876 0.011194
0 0.278617 0.328941 0.022823 0.015159
0 0.683287 0.322295 0.016854 0.006996
0 0.193469 0.318447 0.005618 0.005364
0 0.188378 0.317048 0.009480 0.008629
0 0.617802 0.313783 0.027739 0.015159
0 0.283883 0.309002 0.011587 0.005597
0 0.212079 0.307836 0.012640 0.009795
0 0.666257 0.302822 0.020014 0.013759
0 0.106390 0.295942 0.007022 0.010728
0 0.310744 0.293260 0.040730 0.019356
0 0.629916 0.284748 0.033708 0.022854
0 0.492100 0.261894 0.010183 0.007463
0 0.542135 0.254198 0.023876 0.013060
0 0.282479 0.256880 0.036868 0.019356
0 0.296875 0.242887 0.005267 0.007229
0 0.549333 0.230527 0.015098 0.012826
0 0.423104 0.225047 0.012640 0.006063
0 0.865344 0.184701 0.011587 0.008396
0 0.772472 0.147271 0.030197 0.016558
0 0.428546 0.144007 0.017907 0.010028
0 0.225421 0.143307 0.013343 0.016091
0 0.493855 0.131763 0.009480 0.004664
0 0.407479 0.093867 0.012289 0.007229
0 0.976299 0.026936 0.015801 0.012360
0 0.697507 0.023787 0.019312 0.009328
0 0.950140 0.029734 0.035112 0.031950
0 0.700492 0.002799 0.021067 0.005597
