0 0.594803 0.653218 0.156601 0.020056
0 0.652739 0.637826 0.035112 0.013526
0 0.659937 0.622901 0.034059 0.015392
0 0.570225 0.616371 0.033708 0.023787
0 0.415555 0.503731 0.015801 0.013060
0 0.394838 0.488806 0.019312 0.017257
0 0.552142 0.489156 0.038272 0.024487
0 0.841819 0.468167 0.017907 0.006297
0 1.169768 0.420243 0.017205 0.007929
0 1.235955 0.393657 0.112360 0.046642
0 1.132900 0.363689 0.022823 0.015625
0 0.390625 0.191348 0.013694 0.010494
0 0.344803 0.187850 0.018961 0.007696
0 0.459270 0.181903 0.044944 0.018657
0 1.220330 0.161730 0.020716 0.011894
0 1.201545 0.151469 0.018961 0.026819
0 0.396945 0.155084 0.123244 0.057836
0 0.393258 0.119753 0.023876 0.010961
0 0.496840 0.103895 0.029494 0.015159
0 1.124824 0.159865 0.114115 0.170009
0 0.369382 0.059235 0.007725 0.007929
0 0.952598 0.050490 0.004213 0.003965
0 0.897296 0.051656 0.017205 0.010494
0 0.340590 0.043377 0.020365 0.013993
0 0.592872 0.040112 0.018610 0.010728
0 0.919944 0.036031 0.017556 0.016558
0 0.919593 0.030667 0.009129 0.008629
0 0.443118 0.037197 0.088483 0.027285
0 0.923104 0.025187 0.013343 0.006063
0 0.862184 0.013060 0.022823 0.018190
0 0.927142 0.017957 0.104986 0.035914
