0 0.971559 0.583139 0.007022 0.006763
0 0.760358 0.520173 0.040379 0.037080
0 1.149930 0.518540 0.099017 0.042677
0 1.102353 0.466535 0.039677 0.055737
0 0.864466 0.463503 0.078652 0.056203
0 0.721910 0.414179 0.023174 0.015858
0 1.183287 0.443447 0.115871 0.090252
0 0.727353 0.395756 0.065660 0.009328
0 0.649228 0.456856 0.554073 0.135728
0 0.859024 0.388643 0.086728 0.023554
0 0.947858 0.369986 0.036868 0.033815
0 1.115871 0.361824 0.053371 0.021688
0 0.837781 0.354827 0.039326 0.020756
0 0.596910 0.502099 0.979635 0.320429
0 0.438553 0.359958 0.147472 0.060868
0 0.574263 0.328242 0.064958 0.008162
0 0.213308 0.329874 0.029846 0.017024
0 0.400281 0.315998 0.015449 0.009328
0 0.671699 0.330340 0.079354 0.046409
0 0.354635 0.303172 0.014045 0.009795
0 0.327072 0.303521 0.028441 0.020289
0 0.852353 0.298974 0.093750 0.014459
0 0.534410 0.291161 0.024579 0.014226
0 0.161341 0.305504 0.055829 0.071828
0 0.143083 0.266791 0.009480 0.006996
0 0.122015 0.256763 0.021419 0.019590
0 1.216117 0.258745 0.064958 0.031483
0 0.712781 0.239739 0.015449 0.016791
0 0.768258 0.229827 0.008427 0.003965
0 0.284235 0.222715 0.022823 0.017257
0 0.311271 0.216768 0.003862 0.005830
0 0.327598 0.209655 0.004213 0.003731
0 0.714185 0.193680 0.047051 0.009562
0 0.796875 0.200093 0.053722 0.023321
0 0.797577 0.188433 0.010183 0.005597
0 0.918715 0.210471 0.071980 0.055737
0 0.370787 0.191698 0.051264 0.020522
0 0.221559 0.179338 0.015449 0.006530
0 0.775632 0.145173 0.048455 0.029151
0 0.702598 0.139576 0.062500 0.021222
0 0.678897 0.123717 0.020716 0.016091
0 1.147823 0.122785 0.036517 0.019356
0 0.785639 0.121502 0.045997 0.019590
0 0.727177 0.111124 0.054073 0.020289
0 0.652037 0.101912 0.030197 0.020056
0 0.574438 0.085005 0.014045 0.012826
0 0.595857 0.070312 0.054073 0.016558
0 0.632725 0.070429 0.023174 0.020522
0 0.672753 0.063200 0.041433 0.017724
0 0.393610 0.008629 0.034410 0.015858
0 0.977704 0.027169 0.083216 0.053405
0 0.848490 0.020522 0.063553 0.040578
0 0.739115 0.008745 0.070225 0.017024
