0 0.637289 0.647621 0.033006 0.010728
0 0.564607 0.626049 0.019663 0.013293
0 0.582163 0.620686 0.011938 0.005830
0 0.883603 0.619170 0.024228 0.008396
0 0.340765 0.613340 0.012992 0.006530
0 0.449438 0.609958 0.013343 0.004897
0 0.814080 0.586404 0.015801 0.009562
0 0.314958 0.582556 0.009831 0.008396
0 0.675211 0.545709 0.007725 0.004664
0 0.650456 0.542794 0.010183 0.004897
0 0.534410 0.527519 0.013343 0.007929
0 0.324438 0.517491 0.009129 0.006063
0 0.224895 0.490555 0.009480 0.010961
0 0.455232 0.484025 0.016503 0.009562
0 0.369733 0.443563 0.021067 0.008396
0 0.268961 0.454291 0.050562 0.040112
0 0.462079 0.444263 0.064607 0.021455
0 0.156074 0.430154 0.032654 0.028218
0 0.128511 0.419076 0.028792 0.029851
0 0.253336 0.399953 0.008778 0.005597
0 0.266503 0.382113 0.009831 0.010028
0 0.161692 0.367887 0.010183 0.004897
0 0.517556 0.367537 0.007725 0.007463
0 0.276334 0.363573 0.011236 0.006063
0 0.376404 0.362174 0.009831 0.010261
0 0.574614 0.357976 0.008778 0.002332
0 0.178546 0.343750 0.031952 0.016791
0 0.159586 0.332556 0.012992 0.008862
0 0.137816 0.321828 0.020716 0.018657
0 0.510885 0.238106 0.008427 0.008396
0 0.291784 0.129081 0.035112 0.022155
0 0.628160 0.102612 0.011236 0.006530
0 0.908006 0.038130 0.084270 0.029151
0 0.869558 0.019007 0.012992 0.007229
