0 0.612886 0.633745 0.068469 0.020756
0 0.899052 0.639342 0.177317 0.045476
0 0.637465 0.589902 0.014396 0.010028
0 0.796699 0.575676 0.008427 0.011894
0 0.783532 0.576143 0.011587 0.014226
0 0.275456 0.559352 0.010885 0.004431
0 0.488940 0.552589 0.022823 0.009095
0 1.106039 0.554571 0.024579 0.065299
0 0.659937 0.499184 0.010183 0.002565
0 0.343926 0.499067 0.018610 0.012127
0 0.525456 0.486241 0.012992 0.006063
0 0.340590 0.472831 0.014747 0.017957
0 0.376580 0.483442 0.054424 0.046642
0 0.353406 0.456623 0.010885 0.013526
0 0.368153 0.452775 0.015098 0.006763
0 0.311973 0.442980 0.017907 0.009562
0 0.358146 0.428288 0.009831 0.006297
0 0.317065 0.422924 0.027388 0.010961
0 0.479986 0.417094 0.060393 0.018890
0 0.323736 0.408932 0.009831 0.005830
0 0.305302 0.372551 0.010183 0.005830
0 0.489817 0.336171 0.014747 0.009095
0 0.341468 0.293493 0.019312 0.013759
0 0.333743 0.283232 0.009480 0.006297
0 0.623069 0.267607 0.017205 0.014226
0 0.513518 0.220499 0.063553 0.024487
0 0.468750 0.207439 0.025983 0.018890
0 0.557935 0.195662 0.046348 0.033582
0 0.325843 0.180854 0.007725 0.010494
0 0.309515 0.150886 0.016503 0.006063
0 0.584094 0.153451 0.034761 0.032183
0 0.493153 0.148904 0.069171 0.041744
0 0.365169 0.136077 0.030899 0.017024
0 0.313202 0.129314 0.029494 0.013759
0 0.484902 0.123601 0.016152 0.011660
0 1.187324 0.124650 0.036868 0.018424
0 0.580583 0.111357 0.034761 0.005830
0 1.062676 0.092351 0.005969 0.011660
0 0.314256 0.076842 0.014747 0.006297
0 0.528441 0.073228 0.027388 0.008862
0 0.460323 0.066814 0.023876 0.007696
0 1.080407 0.054804 0.014747 0.010728
0 0.751756 0.047808 0.016854 0.006530
0 0.942942 0.020289 0.015098 0.010728
