0 0.583041 0.587570 0.012289 0.011894
0 0.343750 0.576726 0.014045 0.008862
0 0.589537 0.575793 0.010534 0.011660
0 0.546699 0.562267 0.009831 0.008396
0 0.303722 0.561217 0.009129 0.011427
0 0.319171 0.548274 0.012640 0.007929
0 1.079354 0.534049 0.023876 0.013526
0 1.081110 0.518307 0.014747 0.006763
0 0.200667 0.494170 0.014396 0.006996
0 0.203827 0.461637 0.010183 0.010494
0 0.826896 0.444030 0.016152 0.007463
0 0.197331 0.440882 0.012640 0.008162
0 1.221559 0.435401 0.027388 0.012593
0 1.137465 0.422691 0.010183 0.006297
0 1.222086 0.422108 0.008778 0.008862
0 1.230162 0.409049 0.014396 0.006530
0 1.128511 0.384328 0.013343 0.007463
0 0.383251 0.395872 0.034059 0.033349
0 0.349192 0.347248 0.009480 0.003731
0 0.333041 0.342584 0.013694 0.008862
0 1.183111 0.341301 0.017907 0.015159
0 0.646945 0.328475 0.008076 0.009095
0 0.287746 0.298158 0.003862 0.003498
0 0.334621 0.281367 0.019663 0.012360
0 0.367626 0.279501 0.012640 0.010028
0 0.353230 0.267957 0.007725 0.007463
0 0.414501 0.265858 0.008076 0.007463
0 0.344803 0.253731 0.022472 0.020522
0 0.667662 0.248717 0.010183 0.010961
0 0.577949 0.235308 0.011236 0.006996
0 0.633427 0.232393 0.004213 0.004897
0 0.649930 0.214552 0.009831 0.005131
0 0.610077 0.208256 0.007374 0.006530
0 0.623596 0.208839 0.011236 0.010028
0 0.563553 0.206390 0.034410 0.013060
0 0.995260 0.205690 0.012289 0.016791
0 0.598666 0.201143 0.009831 0.009095
0 0.640801 0.198577 0.009831 0.009095
0 0.622542 0.198344 0.015449 0.009095
0 0.636060 0.189482 0.006671 0.006297
0 0.939431 0.139809 0.009480 0.009562
0 0.412746 0.124067 0.008778 0.013060
0 0.286166 0.079641 0.010534 0.008162
0 0.495084 0.072528 0.011938 0.009328
0 0.506145 0.050257 0.012992 0.007696
0 0.702072 0.018657 0.059340 0.036381
