0 0.702423 0.457323 0.047402 0.025187
0 0.419768 0.430970 0.037570 0.027985
0 0.135534 0.410914 0.035815 0.021455
0 0.182935 0.407766 0.063904 0.052006
0 0.253687 0.361241 0.012992 0.014925
0 0.199438 0.369403 0.066011 0.034515
0 0.614466 0.308069 0.143961 0.043843
0 1.079881 0.239506 0.010885 0.008862
0 0.139572 0.236241 0.021419 0.004198
0 0.836552 0.222831 0.015098 0.006763
0 0.192065 0.210704 0.113764 0.043144
0 0.470857 0.193447 0.033006 0.022621
0 0.547402 0.146688 0.016854 0.012127
0 0.413097 0.134911 0.015098 0.015625
0 0.852177 0.102729 0.009831 0.004897
0 0.696805 0.111824 0.093750 0.035681
0 1.060744 0.098647 0.023876 0.022854
0 1.154319 0.109492 0.083216 0.053405
0 0.754565 0.090485 0.020365 0.016325
0 0.846559 0.085354 0.033006 0.020522
0 0.894487 0.068913 0.017205 0.007229
0 1.054951 0.052938 0.056531 0.034515
0 0.845857 0.037313 0.043539 0.009795
0 0.854810 0.025070 0.020014 0.008629
0 0.564782 0.021222 0.015801 0.009795
0 0.579705 0.016908 0.013343 0.005364
0 0.622367 0.014226 0.077598 0.027052
