0 0.755267 0.541395 0.011236 0.004897
0 0.747718 0.518190 0.042486 0.034515
0 0.793364 0.439132 0.031250 0.012127
0 0.273525 0.399604 0.007725 0.007696
0 0.239642 0.353195 0.023525 0.010494
0 0.369733 0.337453 0.015449 0.008862
0 0.264923 0.330574 0.012289 0.008629
0 0.728406 0.287080 0.015801 0.004198
0 0.344452 0.263526 0.008427 0.009795
0 0.312149 0.266558 0.035815 0.027052
0 0.331812 0.237407 0.011938 0.007463
0 0.446980 0.247318 0.035815 0.032882
0 0.876756 0.072411 0.068118 0.051539
0 1.015801 0.043610 0.014747 0.014925
