0 0.883251 0.632696 0.029846 0.012593
0 0.883427 0.601796 0.033708 0.024953
0 0.784937 0.533349 0.021419 0.010261
0 0.900808 0.540812 0.053722 0.027052
0 0.800913 0.518890 0.044242 0.021922
0 0.735253 0.513643 0.016854 0.018890
0 0.548631 0.487174 0.032654 0.012593
0 0.874298 0.487057 0.028792 0.017024
0 0.703652 0.479011 0.019663 0.019123
0 1.061447 0.470616 0.020365 0.016325
0 0.740520 0.465951 0.014747 0.012593
0 0.606566 0.483559 0.081110 0.050606
0 0.923104 0.462104 0.052669 0.031483
0 0.358146 0.441348 0.016152 0.012826
0 0.867275 0.442980 0.037219 0.017957
0 1.072683 0.446828 0.026685 0.028451
0 0.988764 0.428755 0.018258 0.006297
0 1.159410 0.442864 0.049157 0.034981
0 1.040028 0.442514 0.049860 0.037080
0 1.176966 0.409165 0.025983 0.022155
0 1.068996 0.401702 0.022121 0.010961
0 0.911692 0.394356 0.022823 0.016791
0 0.490344 0.405201 0.126756 0.088853
0 1.070576 0.313899 0.017556 0.016325
0 0.985077 0.306786 0.022121 0.010028
0 1.001053 0.281833 0.011938 0.004897
0 0.981917 0.281600 0.050211 0.035215
0 0.550562 0.266791 0.023174 0.010261
0 1.046348 0.262360 0.044242 0.030317
0 0.975772 0.242421 0.014747 0.011894
0 1.061096 0.242537 0.030197 0.013060
0 0.674508 0.241255 0.019663 0.010494
0 0.626756 0.232043 0.014747 0.008396
0 0.666608 0.219450 0.020716 0.012127
0 0.971032 0.210704 0.020716 0.014226
0 0.789677 0.213270 0.018961 0.019356
0 0.606566 0.200560 0.024228 0.013060
0 0.683989 0.186451 0.021770 0.018424
0 0.542662 0.174440 0.009480 0.007929
0 1.015098 0.181903 0.047753 0.031716
0 0.772999 0.182136 0.121840 0.040112
0 1.024403 0.156833 0.014396 0.010961
0 0.889572 0.145872 0.036868 0.012826
0 0.675913 0.157766 0.108848 0.041278
0 0.804424 0.137710 0.029494 0.017024
0 0.643258 0.122201 0.017556 0.013526
0 0.272121 0.121385 0.028792 0.015625
0 0.294593 0.116138 0.014747 0.006530
0 0.611833 0.113573 0.027739 0.013993
0 1.053722 0.098764 0.044944 0.016558
0 1.063202 0.083722 0.037219 0.013526
0 0.849017 0.079874 0.021770 0.006297
0 1.118329 0.080457 0.040028 0.020989
0 0.822683 0.031133 0.062500 0.036614
