0 1.123069 0.592351 0.017907 0.008396
0 1.070225 0.569963 0.039326 0.025187
0 1.035639 0.560285 0.021419 0.011894
0 1.050737 0.552822 0.010183 0.004897
0 1.111833 0.494286 0.024930 0.020289
0 0.868329 0.359142 0.014747 0.005597
0 0.876580 0.353545 0.012992 0.005597
0 0.992626 0.355061 0.028792 0.018424
0 0.968574 0.338386 0.008778 0.003265
0 0.553546 0.336637 0.008076 0.005364
0 1.114642 0.319380 0.020716 0.016091
0 1.163624 0.318330 0.045646 0.027985
0 1.041959 0.271572 0.008778 0.007696
0 1.203652 0.271572 0.028090 0.016558
0 0.553897 0.266558 0.020716 0.010261
0 0.629565 0.257229 0.028090 0.015858
0 1.194522 0.244286 0.028090 0.020289
0 1.081285 0.217001 0.010885 0.007696
0 0.903617 0.176656 0.004565 0.005364
0 1.109726 0.177006 0.026334 0.024254
0 0.239291 0.109375 0.012992 0.008396
0 1.025456 0.071828 0.009480 0.008396
0 0.993855 0.057253 0.031250 0.023088
0 0.695049 0.029501 0.017907 0.011427
