0 0.863413 0.603661 0.016152 0.004897
0 0.914150 0.615905 0.036868 0.029851
0 0.961552 0.613340 0.035463 0.034981
0 0.314958 0.581740 0.022472 0.018890
0 0.474895 0.503615 0.022823 0.010028
0 0.842872 0.530317 0.077598 0.066698
0 0.914501 0.500466 0.051615 0.023321
0 0.506145 0.152868 0.029143 0.014226
0 0.439958 0.110424 0.013343 0.002565
0 1.110428 0.114039 0.018610 0.020056
0 0.438729 0.104361 0.012992 0.004431
0 0.884129 0.108559 0.029494 0.015159
0 0.399754 0.107043 0.039677 0.016791
0 0.392205 0.093050 0.034410 0.010261
0 0.439782 0.092467 0.025632 0.015159
0 0.380794 0.052355 0.013694 0.005364
0 0.774228 0.044193 0.026685 0.025886
0 0.919417 0.042794 0.053722 0.048741
0 0.774403 0.018773 0.017205 0.013293
