0 0.879740 0.610774 0.038272 0.007463
0 0.942065 0.609025 0.017556 0.004897
0 0.503160 0.608092 0.009129 0.003032
0 0.835147 0.605993 0.015098 0.012826
0 0.512114 0.601329 0.008778 0.005830
0 1.077598 0.601213 0.015449 0.013060
0 1.157479 0.554454 0.027739 0.017491
0 1.016854 0.538829 0.023876 0.014692
0 0.397296 0.514459 0.008778 0.006530
0 0.481215 0.511311 0.008076 0.005364
0 0.202598 0.494869 0.016152 0.010728
0 0.885007 0.460821 0.012289 0.007929
0 1.129740 0.439366 0.009480 0.008396
0 0.609902 0.436101 0.043539 0.022388
0 0.760183 0.413713 0.009129 0.003265
0 0.137289 0.403568 0.009831 0.010494
0 0.567065 0.385494 0.028090 0.021455
0 1.090239 0.369636 0.016152 0.007929
0 0.633603 0.313433 0.012992 0.018190
0 0.547753 0.275187 0.029494 0.005597
0 0.685920 0.274254 0.017907 0.008396
0 0.864115 0.194263 0.011236 0.006530
0 1.126931 0.191348 0.011587 0.010028
0 1.021243 0.177822 0.017205 0.006763
0 0.944698 0.156133 0.015098 0.007696
0 0.952598 0.131413 0.002809 0.005364
0 0.754740 0.124300 0.010183 0.009328
0 0.725070 0.120336 0.016152 0.008396
0 0.879038 0.104594 0.005267 0.006763
0 0.682233 0.109841 0.019663 0.017257
0 0.925737 0.089552 0.024228 0.016325
0 1.090765 0.077309 0.005969 0.005364
0 0.888869 0.075560 0.016503 0.010261
0 0.982971 0.076259 0.042486 0.020522
0 0.907303 0.066698 0.025281 0.008862
0 0.857093 0.064016 0.047051 0.017957
