0 0.563378 0.610541 0.009480 0.004664
0 0.574614 0.607276 0.009480 0.005131
0 0.672753 0.562500 0.004213 0.002332
0 0.678897 0.556786 0.003160 0.002099
0 0.393961 0.513993 0.006320 0.004664
0 0.334270 0.512360 0.005618 0.003731
0 0.404670 0.499767 0.014396 0.005597
0 0.398525 0.492771 0.007725 0.007929
0 0.312324 0.480527 0.006671 0.005364
0 0.612886 0.451376 0.005267 0.005364
0 0.588308 0.416628 0.003862 0.003032
0 0.626580 0.404268 0.007374 0.003965
0 0.501404 0.400070 0.004916 0.003498
0 1.188553 0.397854 0.007022 0.004664
0 0.588308 0.393657 0.003160 0.002799
0 0.608673 0.386660 0.002458 0.001399
0 0.629916 0.387360 0.004916 0.003265
0 0.633076 0.384212 0.003511 0.003965
0 0.700316 0.359492 0.003862 0.002565
0 0.684867 0.359258 0.015801 0.007696
0 0.669242 0.356810 0.008427 0.003731
0 1.254213 0.350396 0.007022 0.005830
0 0.755442 0.348764 0.008076 0.005364
0 0.384831 0.342817 0.002809 0.001399
0 0.234551 0.338969 0.004213 0.003032
0 0.372718 0.335704 0.003160 0.002099
0 0.794242 0.334305 0.006320 0.003965
0 0.373069 0.331390 0.003160 0.002332
0 0.341292 0.326143 0.004213 0.003498
0 0.309691 0.322062 0.004213 0.003731
0 0.806706 0.321129 0.003160 0.003731
0 0.652388 0.308069 0.005618 0.004198
0 1.257022 0.302822 0.016152 0.013759
0 0.405197 0.295592 0.002107 0.001632
0 0.608673 0.286497 0.003160 0.002565
0 0.549508 0.254198 0.003511 0.002332
0 0.649930 0.244753 0.003511 0.002099
0 0.631496 0.237757 0.002458 0.001632
0 0.434691 0.233326 0.004213 0.002099
0 0.644838 0.232743 0.003160 0.001399
0 0.748244 0.234025 0.006320 0.006763
0 0.701369 0.231810 0.005267 0.003731
0 0.693645 0.228895 0.003160 0.002099
0 0.448912 0.227379 0.005267 0.003265
0 0.492100 0.222481 0.003862 0.003265
0 0.840765 0.220616 0.005969 0.002332
0 0.836376 0.216768 0.006320 0.003032
0 0.846559 0.211870 0.007022 0.003032
0 0.655899 0.215835 0.025281 0.010961
0 0.458216 0.213386 0.007725 0.006530
0 0.818820 0.213503 0.008427 0.008162
0 0.746489 0.208722 0.002809 0.002332
0 0.836025 0.205924 0.004213 0.002332
0 0.448736 0.206390 0.006320 0.005597
0 0.840414 0.202892 0.005267 0.003731
0 0.719979 0.194030 0.004565 0.003731
0 0.452949 0.187267 0.002809 0.002332
0 0.339712 0.171292 0.005267 0.003965
0 0.426791 0.161381 0.007374 0.004664
0 0.528265 0.156483 0.009480 0.006530
0 0.590941 0.151819 0.002809 0.001866
0 0.428371 0.151586 0.003511 0.003265
0 0.366573 0.150886 0.002809 0.001866
0 0.503336 0.150536 0.003862 0.003032
0 0.502985 0.146455 0.003862 0.002799
0 0.504916 0.141791 0.003511 0.002799
0 0.533708 0.142024 0.004916 0.003731
0 0.717872 0.142141 0.006671 0.004431
0 0.481742 0.127215 0.003511 0.003032
0 0.544944 0.111474 0.003511 0.002799
0 0.306180 0.076842 0.016152 0.010961
