0 0.321629 0.427822 0.009129 0.005364
0 0.128336 0.361241 0.012992 0.005131
0 0.533883 0.289879 0.006671 0.008862
0 0.538624 0.283232 0.003511 0.004431
0 0.540906 0.311917 0.036166 0.064599
0 0.540906 0.275770 0.003862 0.004897
0 0.532128 0.266908 0.004565 0.004431
0 0.528090 0.262943 0.005618 0.003498
0 0.525983 0.258396 0.004213 0.002332
0 0.549333 0.262710 0.009480 0.014226
0 0.531074 0.255597 0.003160 0.003265
0 0.553722 0.253148 0.005618 0.003032
0 0.540555 0.246035 0.002458 0.003265
0 0.564431 0.241255 0.004565 0.003032
0 0.525632 0.246618 0.018961 0.014692
0 0.527388 0.234958 0.002107 0.002099
0 0.540379 0.233209 0.014045 0.015392
0 0.530021 0.225396 0.003160 0.002565
0 0.526510 0.223181 0.003160 0.002332
0 0.497718 0.223881 0.005969 0.003731
0 0.512289 0.230760 0.021067 0.017957
0 0.520892 0.221199 0.003160 0.002099
0 0.484199 0.220499 0.003511 0.004431
0 0.476124 0.226679 0.009129 0.016791
0 0.492978 0.217584 0.003511 0.002332
0 0.471559 0.216185 0.007022 0.004664
0 0.480337 0.213036 0.005618 0.007229
0 0.473315 0.210821 0.003511 0.002799
0 0.596032 0.210238 0.004565 0.003032
0 0.300737 0.201259 0.004565 0.003265
0 0.590941 0.198811 0.002809 0.002099
0 0.451369 0.222481 0.028441 0.051772
0 0.248420 0.196595 0.007374 0.002332
0 0.434164 0.194613 0.003160 0.002099
0 0.443118 0.194846 0.004213 0.003032
0 0.454354 0.192980 0.002809 0.001632
0 0.458392 0.193214 0.003862 0.002565
0 0.557584 0.190998 0.002809 0.002332
0 0.250176 0.190765 0.005267 0.001866
0 0.568294 0.190998 0.005969 0.003265
0 0.244382 0.190765 0.007022 0.003265
0 0.436622 0.189016 0.003862 0.002565
0 0.589712 0.189249 0.005267 0.005364
0 0.581812 0.187617 0.005618 0.002099
0 0.543715 0.187383 0.003160 0.002565
0 0.265098 0.187034 0.007725 0.002799
0 0.235604 0.185518 0.004916 0.002565
0 0.599192 0.185051 0.003160 0.003032
0 0.571980 0.185051 0.003511 0.003032
0 0.241222 0.183769 0.006320 0.002799
0 0.458041 0.182719 0.003862 0.002565
0 0.709094 0.182719 0.003160 0.003032
0 0.591819 0.183069 0.005969 0.004198
0 0.541608 0.182719 0.003160 0.003965
0 0.550562 0.182369 0.006320 0.003731
0 0.563202 0.181203 0.002809 0.001866
0 0.433111 0.181320 0.007374 0.004431
0 0.329178 0.180970 0.007374 0.004198
0 0.543890 0.179338 0.002809 0.001399
0 0.240169 0.179571 0.003511 0.002332
0 0.462605 0.179221 0.005267 0.003032
0 0.442240 0.179338 0.010183 0.006996
0 0.545646 0.176306 0.002809 0.002332
0 0.456812 0.174790 0.009831 0.005364
0 0.220506 0.175373 0.009831 0.006996
0 0.546173 0.172341 0.002458 0.001399
0 0.589537 0.176539 0.021770 0.011194
0 0.446805 0.173391 0.006671 0.004897
0 0.565660 0.170592 0.002107 0.001632
0 0.316889 0.169543 0.007374 0.003731
0 0.478757 0.169076 0.008778 0.006063
0 0.559515 0.166744 0.005267 0.005131
0 0.315133 0.165578 0.004565 0.002799
0 0.717521 0.167094 0.008076 0.006763
0 0.504389 0.165695 0.006671 0.004431
0 0.228406 0.165578 0.014396 0.005131
0 0.307058 0.161264 0.005969 0.002099
0 0.581461 0.166278 0.017556 0.013060
0 0.496313 0.158232 0.022823 0.009095
0 0.488764 0.154151 0.006320 0.002332
0 0.525983 0.156133 0.011236 0.007229
0 0.458216 0.156250 0.008427 0.009795
0 0.290028 0.153102 0.006320 0.003965
0 0.542837 0.160564 0.022472 0.019356
0 0.538624 0.151702 0.006320 0.003498
0 0.570927 0.156950 0.019663 0.016791
0 0.558813 0.149254 0.002458 0.001866
0 0.524930 0.148787 0.005618 0.002799
0 0.503160 0.149720 0.007022 0.005131
0 0.542486 0.147388 0.007022 0.004198
0 0.568645 0.146222 0.009480 0.004664
0 0.551615 0.146339 0.009831 0.006297
0 0.533181 0.146105 0.007374 0.006297
0 0.565133 0.141908 0.003862 0.002565
0 0.527563 0.142024 0.004565 0.003265
0 0.563553 0.137243 0.003511 0.002099
0 0.568469 0.136777 0.004213 0.003032
0 0.530723 0.133745 0.014396 0.010494
0 0.703652 0.122551 0.003511 0.004431
0 0.329178 0.056203 0.005267 0.003265
0 0.328652 0.048857 0.005618 0.003498
0 0.338659 0.042327 0.004565 0.002099
0 0.993329 0.041161 0.014045 0.004431
0 0.317591 0.025886 0.007374 0.004198
0 0.992978 0.025770 0.011938 0.005830
