0 0.646945 0.623018 0.008076 0.007229
0 0.437149 0.592001 0.004916 0.002565
0 0.423455 0.591535 0.004916 0.003032
0 0.654670 0.591068 0.008076 0.005364
0 0.911868 0.558885 0.007725 0.005364
0 0.896419 0.552938 0.004213 0.005131
0 0.898350 0.542794 0.005969 0.003965
0 0.289853 0.548974 0.024930 0.033116
0 0.639396 0.466068 0.003511 0.002565
0 0.634305 0.462453 0.004565 0.002799
0 0.668364 0.461404 0.003160 0.002099
0 0.665555 0.458605 0.003862 0.004897
0 0.671173 0.457906 0.004565 0.004431
0 0.732971 0.454291 0.006671 0.002799
0 0.685744 0.451842 0.002107 0.001632
0 0.622893 0.451609 0.005618 0.003498
0 0.711376 0.450210 0.014045 0.007229
0 0.609551 0.447178 0.008427 0.005364
0 0.677493 0.447411 0.007374 0.009095
0 0.715063 0.444030 0.006671 0.004198
0 0.638343 0.446945 0.014045 0.024953
0 0.589888 0.436451 0.007725 0.005830
0 0.748947 0.436800 0.013343 0.007929
0 0.571103 0.436101 0.007374 0.006530
0 0.755794 0.430854 0.005969 0.005830
0 0.913097 0.431087 0.008778 0.006763
0 0.632022 0.428405 0.002809 0.001866
0 0.662395 0.425606 0.008778 0.005597
0 0.759480 0.423857 0.003511 0.002565
0 0.746138 0.425723 0.007725 0.007229
0 0.683638 0.418144 0.005618 0.003731
0 0.623771 0.418027 0.006671 0.003965
0 0.635183 0.417094 0.009831 0.003498
0 0.646067 0.409398 0.004916 0.003498
0 0.594803 0.402752 0.008427 0.003265
0 0.356215 0.403568 0.008778 0.006297
0 0.598139 0.395522 0.008076 0.002332
0 0.574789 0.386777 0.006320 0.007229
0 0.582514 0.385378 0.005618 0.005830
0 0.549684 0.388060 0.016503 0.011194
0 0.635358 0.397505 0.061447 0.031017
0 0.950843 0.386894 0.025281 0.017257
0 0.574789 0.379897 0.007022 0.003731
0 0.595857 0.377915 0.002809 0.002565
0 0.956110 0.375350 0.004213 0.001632
0 0.562149 0.376283 0.004213 0.003965
0 0.932760 0.373717 0.008076 0.006297
0 0.964537 0.370802 0.003511 0.001866
0 0.914150 0.366255 0.008076 0.004431
0 0.670646 0.371035 0.019663 0.014925
0 0.969628 0.362523 0.003160 0.003498
0 0.963132 0.362290 0.003511 0.003498
0 0.952247 0.359375 0.002809 0.003265
0 0.700843 0.358442 0.003511 0.002799
0 0.670295 0.357393 0.007022 0.005364
0 0.932760 0.362174 0.032654 0.019123
0 0.698034 0.353778 0.004213 0.002799
0 0.959621 0.350630 0.003511 0.002099
0 0.913272 0.350979 0.005618 0.003731
0 0.669593 0.351912 0.009831 0.005597
0 0.941538 0.353778 0.013694 0.011660
0 0.687676 0.350746 0.005969 0.006996
0 0.710147 0.348647 0.008076 0.004664
0 0.716468 0.346665 0.003160 0.002099
0 0.960499 0.346432 0.003862 0.002565
0 0.906952 0.343633 0.004916 0.005830
0 1.001229 0.341651 0.008778 0.004664
0 0.683989 0.338736 0.004213 0.003498
0 0.931180 0.338270 0.008427 0.006297
0 1.003160 0.333489 0.014747 0.002799
0 0.921699 0.333139 0.004213 0.002565
0 0.965239 0.333022 0.004213 0.002799
0 1.020190 0.332556 0.006671 0.004664
0 1.033708 0.332439 0.006320 0.004897
0 1.005618 0.330574 0.003511 0.002099
0 0.899930 0.330457 0.004213 0.002799
0 0.911692 0.327542 0.010885 0.004431
0 1.011938 0.325443 0.004916 0.002565
0 0.868329 0.323694 0.002107 0.001399
0 0.900456 0.322295 0.004565 0.002799
0 0.973490 0.321828 0.004565 0.002332
0 0.988413 0.315532 0.005618 0.004198
0 0.967170 0.316115 0.012992 0.006297
0 0.881496 0.317747 0.024930 0.010961
0 0.934691 0.320312 0.047753 0.019823
0 0.974017 0.310634 0.004213 0.001866
0 1.012465 0.309118 0.003160 0.001166
0 0.951896 0.307952 0.005618 0.002565
0 0.947331 0.304571 0.010534 0.001866
0 0.882900 0.305387 0.008076 0.007696
0 0.957163 0.302006 0.005618 0.005131
0 0.909586 0.302006 0.017907 0.010728
0 0.995435 0.297808 0.011236 0.006996
0 0.941713 0.300723 0.016854 0.012826
0 0.959445 0.291978 0.003862 0.001866
0 1.021243 0.294543 0.008778 0.008396
0 0.746138 0.292094 0.004213 0.003498
0 0.943294 0.288946 0.002458 0.001866
0 1.024403 0.288013 0.001756 0.001399
0 0.725070 0.287547 0.002809 0.001399
0 0.658357 0.287080 0.005618 0.003265
0 0.690133 0.284515 0.003862 0.002332
0 0.467697 0.285914 0.016854 0.005597
0 0.898701 0.284398 0.005969 0.004431
0 1.023876 0.282882 0.002809 0.002332
0 0.942065 0.284398 0.009129 0.006297
0 0.987360 0.281483 0.005618 0.006063
0 0.901334 0.279501 0.002809 0.002099
0 0.926791 0.283349 0.015098 0.013993
0 0.912219 0.274370 0.003511 0.002565
0 0.939080 0.276003 0.010885 0.007229
0 0.688553 0.274254 0.009831 0.005131
0 0.923631 0.273671 0.004565 0.004897
0 0.707514 0.273088 0.007022 0.004664
0 1.035112 0.268890 0.002107 0.001866
0 0.703476 0.268190 0.002458 0.001399
0 0.685042 0.267491 0.004916 0.002799
0 0.963132 0.267024 0.002809 0.002332
0 0.954003 0.266908 0.003511 0.002565
0 0.643610 0.266325 0.004213 0.001866
0 0.928722 0.266558 0.004916 0.002799
0 0.938729 0.265275 0.007374 0.004431
0 0.636763 0.263993 0.002458 0.001866
0 0.957514 0.263643 0.002809 0.001632
0 0.912746 0.263993 0.003160 0.002332
0 0.918539 0.262826 0.003511 0.002332
0 1.037395 0.262593 0.005969 0.002799
0 0.962079 0.262243 0.003511 0.003498
0 0.958216 0.261427 0.004213 0.002332
0 0.645365 0.261427 0.004213 0.002799
0 1.045295 0.260728 0.004916 0.004664
0 0.914150 0.259095 0.003862 0.002799
0 0.647121 0.256646 0.004916 0.003498
0 0.910288 0.255714 0.004565 0.003032
0 0.764572 0.255247 0.002458 0.002565
0 0.949614 0.252215 0.004565 0.002565
0 0.903792 0.252215 0.004916 0.003498
0 0.636587 0.252449 0.007022 0.003965
0 0.758603 0.250466 0.002458 0.001866
0 0.626053 0.251982 0.011236 0.005830
0 0.655548 0.249417 0.004213 0.003032
0 0.900808 0.247085 0.004565 0.003965
0 0.611833 0.252915 0.014396 0.015625
0 1.074789 0.246035 0.004916 0.004664
0 0.601475 0.243237 0.007725 0.005597
0 0.931355 0.239272 0.004565 0.002799
0 0.992626 0.238689 0.005618 0.002565
0 1.072331 0.239506 0.006320 0.004664
0 0.687324 0.236824 0.008076 0.009095
0 0.652914 0.238456 0.016503 0.014226
0 0.754565 0.231693 0.003511 0.002565
0 1.037921 0.230177 0.007022 0.004664
0 0.768961 0.228778 0.009129 0.004664
0 0.758076 0.227612 0.003511 0.002332
0 0.655899 0.225630 0.003511 0.003032
0 0.671173 0.226679 0.010183 0.007929
0 0.740871 0.221898 0.002809 0.003498
0 0.788624 0.221782 0.018961 0.007929
0 0.640274 0.218050 0.006671 0.004664
0 0.820049 0.216651 0.012992 0.005131
0 0.761412 0.213270 0.003160 0.002099
0 0.754213 0.214902 0.005618 0.006763
0 0.680829 0.216651 0.009831 0.011660
0 0.786517 0.213153 0.015449 0.007929
0 0.607093 0.213386 0.009831 0.008862
0 0.656426 0.211987 0.023525 0.008396
0 0.830583 0.211637 0.009480 0.008162
0 0.818820 0.209305 0.007022 0.003965
0 0.837430 0.206040 0.003511 0.002565
0 0.719979 0.208022 0.014396 0.006530
0 0.822858 0.206157 0.005267 0.003265
0 1.002809 0.204991 0.012640 0.007463
0 0.684340 0.205924 0.010534 0.010261
0 0.623596 0.203708 0.010534 0.006297
0 0.774052 0.200443 0.008076 0.010961
0 0.755794 0.197528 0.010183 0.005597
0 0.593048 0.201609 0.011938 0.014692
0 0.828476 0.192048 0.003862 0.002099
0 0.746489 0.191698 0.004213 0.002332
0 0.751580 0.191465 0.003160 0.002332
0 0.829178 0.188549 0.003862 0.002565
0 0.613764 0.188433 0.023174 0.022388
0 0.809515 0.181553 0.016503 0.010028
0 0.739993 0.179921 0.006671 0.007696
0 0.651334 0.190065 0.040028 0.030317
0 0.860955 0.168610 0.009129 0.004198
0 0.795119 0.159282 0.008778 0.006530
0 0.648174 0.156367 0.004213 0.002099
0 0.668539 0.151936 0.006320 0.003965
0 0.652037 0.151119 0.007725 0.004664
0 0.785288 0.105644 0.006671 0.003731
0 0.717170 0.105644 0.003862 0.003731
0 0.802142 0.103195 0.010885 0.005364
0 0.750176 0.100979 0.021419 0.009328
0 0.771243 0.088853 0.004565 0.003265
0 0.688553 0.091768 0.041433 0.013759
0 0.793013 0.084655 0.003862 0.002332
0 0.746489 0.085471 0.021067 0.013293
0 0.815309 0.081040 0.015449 0.009562
0 0.275456 0.069146 0.010885 0.009095
0 0.836903 0.072178 0.017907 0.017957
0 0.677844 0.067864 0.007374 0.010261
0 0.285463 0.047458 0.016152 0.017024
0 0.364993 0.031716 0.008778 0.008396
0 0.370084 0.015858 0.002809 0.002332
0 0.340414 0.011660 0.009480 0.004198
0 0.364466 0.003265 0.013343 0.006530
