0 1.132022 0.571012 0.014045 0.007229
0 1.028968 0.568214 0.008778 0.003965
0 1.124122 0.564132 0.011587 0.008396
0 0.504389 0.532766 0.007374 0.003498
0 0.324965 0.532066 0.004565 0.002565
0 0.249122 0.513293 0.015098 0.009328
0 0.772647 0.507696 0.007374 0.004664
0 0.587430 0.501399 0.004916 0.003265
0 0.781952 0.497318 0.002809 0.002099
0 0.265098 0.498601 0.007725 0.005597
0 0.717872 0.496852 0.003862 0.002565
0 0.626229 0.496852 0.004565 0.003032
0 0.573209 0.497901 0.010183 0.006063
0 0.849368 0.495802 0.004213 0.002799
0 0.820225 0.497901 0.012640 0.007463
0 0.803195 0.495336 0.004565 0.002799
0 0.585674 0.496152 0.006320 0.004897
0 0.634831 0.493470 0.005618 0.002799
0 0.810744 0.491488 0.002107 0.001166
0 0.860955 0.493004 0.009129 0.006063
0 0.823912 0.491604 0.005267 0.004664
0 0.868329 0.491255 0.007725 0.004431
0 0.584796 0.486940 0.006671 0.006530
0 0.793715 0.482509 0.013694 0.005597
0 0.703301 0.481810 0.002809 0.004198
0 0.604635 0.482043 0.013343 0.004664
0 0.711376 0.480294 0.004213 0.003032
0 0.804951 0.479128 0.003862 0.003498
0 0.624122 0.480993 0.017907 0.010028
0 0.734551 0.478078 0.005618 0.005597
0 0.607268 0.477729 0.005267 0.005364
0 0.535112 0.475863 0.003511 0.003032
0 0.593750 0.477146 0.012640 0.006063
0 0.557935 0.475630 0.004916 0.003498
0 0.724192 0.475979 0.014396 0.011660
0 0.797051 0.470382 0.009831 0.007929
0 0.776685 0.467467 0.003511 0.002099
0 0.623771 0.470149 0.009480 0.007929
0 0.724017 0.466884 0.007725 0.005131
0 0.607795 0.465602 0.014747 0.004431
0 0.771770 0.464902 0.004213 0.005830
0 0.865344 0.471549 0.031250 0.021455
0 0.781952 0.461287 0.007725 0.005597
0 0.752633 0.458839 0.012992 0.006297
0 0.731390 0.456973 0.019663 0.011894
0 0.929951 0.452659 0.005267 0.004664
0 0.899228 0.449977 0.007725 0.004431
0 0.751053 0.449277 0.004213 0.003498
0 0.791608 0.452775 0.008778 0.011427
0 0.757900 0.448694 0.004565 0.003265
0 0.922577 0.448461 0.006671 0.004198
0 0.874824 0.452192 0.017205 0.014459
0 0.852528 0.446712 0.010534 0.005364
0 0.488940 0.449394 0.017907 0.011660
0 0.744909 0.443330 0.005267 0.002332
0 0.756320 0.443563 0.004213 0.003265
0 0.873771 0.441814 0.005267 0.004897
0 0.888869 0.441931 0.009480 0.006996
0 0.502633 0.442164 0.014396 0.008862
0 0.725246 0.442514 0.010885 0.011894
0 0.705232 0.440182 0.012992 0.007696
0 0.715590 0.436800 0.003511 0.002799
0 0.918539 0.438783 0.011236 0.007229
0 0.864993 0.435401 0.003862 0.003265
0 0.681882 0.435168 0.004916 0.002799
0 0.588483 0.436451 0.014747 0.007229
0 0.136587 0.439832 0.017556 0.017724
0 1.045295 0.434002 0.008427 0.006530
0 0.882374 0.431670 0.010534 0.005597
0 0.853757 0.430387 0.005267 0.003498
0 0.905021 0.431903 0.018610 0.007929
0 0.715590 0.429688 0.009129 0.004431
0 0.889396 0.428871 0.004213 0.003265
0 0.692767 0.429571 0.007022 0.005131
0 0.515098 0.432369 0.016854 0.011194
0 0.685393 0.428638 0.005618 0.004664
0 0.673806 0.427006 0.007725 0.003731
0 0.704354 0.430154 0.012640 0.010961
0 1.010007 0.426073 0.005969 0.004664
0 0.732971 0.423158 0.003862 0.002565
0 0.165906 0.425956 0.015098 0.008629
0 0.895190 0.420826 0.004565 0.003498
0 0.130442 0.422691 0.010183 0.011427
0 0.512289 0.414879 0.004916 0.003265
0 0.501931 0.416278 0.006671 0.007463
0 0.751931 0.410564 0.003862 0.003032
0 1.002809 0.409865 0.006320 0.003032
0 0.922402 0.407533 0.007725 0.003498
0 0.713308 0.410215 0.013694 0.014925
0 0.728406 0.401819 0.004565 0.003265
0 0.466292 0.400420 0.006320 0.004664
0 0.968574 0.399953 0.007374 0.005131
0 0.128687 0.400536 0.009480 0.006297
0 0.920822 0.397505 0.004565 0.003498
0 0.951545 0.398321 0.010534 0.005597
0 0.788624 0.396455 0.006320 0.004198
0 0.706110 0.398671 0.011236 0.008629
0 0.447507 0.397388 0.014396 0.006996
0 0.870962 0.395756 0.005969 0.004198
0 0.548631 0.393190 0.008076 0.003731
0 0.525632 0.392840 0.005618 0.005364
0 0.461025 0.393190 0.011236 0.006996
0 0.416784 0.392607 0.009831 0.007696
0 0.445576 0.389809 0.004213 0.004897
0 1.082338 0.389692 0.007374 0.005131
0 0.405372 0.387826 0.003862 0.004198
0 0.447156 0.385611 0.001756 0.002099
0 1.011236 0.390625 0.019663 0.013526
0 0.397647 0.385494 0.004565 0.004198
0 1.079881 0.384911 0.005969 0.003965
0 0.998420 0.386894 0.012992 0.009795
0 0.548455 0.384445 0.005618 0.005830
0 0.423279 0.382229 0.008076 0.004664
0 0.695225 0.382696 0.008427 0.006530
0 0.881671 0.386311 0.013343 0.014692
0 0.685042 0.399370 0.041433 0.041278
0 0.483322 0.380014 0.006671 0.005364
0 0.410463 0.379548 0.007022 0.004431
0 0.995962 0.378965 0.005267 0.004198
0 0.452774 0.377799 0.005969 0.002799
0 0.907128 0.407066 0.053722 0.063200
0 0.370962 0.377215 0.005969 0.003498
0 0.363062 0.376632 0.002809 0.004198
0 0.651159 0.382812 0.023525 0.018424
0 0.517029 0.376049 0.007374 0.004897
0 0.922402 0.373834 0.004916 0.004198
0 0.115520 0.374417 0.008427 0.005364
0 0.688904 0.373951 0.011938 0.004897
0 0.934164 0.372785 0.005267 0.004897
0 0.953476 0.376866 0.023525 0.013526
0 0.477177 0.371502 0.004213 0.002799
0 0.882900 0.373368 0.012289 0.007929
0 0.444347 0.370569 0.009480 0.004664
0 0.482093 0.369520 0.002809 0.003965
0 0.929951 0.371385 0.008778 0.008162
0 0.414326 0.368587 0.004916 0.003498
0 0.923455 0.368120 0.004916 0.003498
0 1.091819 0.367537 0.005267 0.003265
0 1.136938 0.367654 0.006320 0.004431
0 0.873771 0.367421 0.011587 0.004897
0 0.147647 0.366488 0.005969 0.006297
0 1.043715 0.364855 0.008778 0.004431
0 1.112711 0.367654 0.008427 0.010494
0 0.966819 0.366954 0.019312 0.009562
0 0.968048 0.362174 0.004213 0.003265
0 0.414150 0.361124 0.004565 0.003498
0 0.976299 0.361124 0.005969 0.003965
0 1.011412 0.359725 0.004565 0.003032
0 0.400808 0.362057 0.010183 0.010028
0 0.927142 0.358675 0.005969 0.005597
0 0.484726 0.355993 0.003862 0.002565
0 0.426791 0.356460 0.005267 0.003965
0 1.100948 0.358559 0.013694 0.010028
0 0.562851 0.363106 0.025281 0.022388
0 0.407128 0.350513 0.003862 0.002332
0 0.116573 0.350513 0.007022 0.005131
0 0.914150 0.350746 0.007374 0.006530
0 0.874122 0.346898 0.012992 0.007229
0 0.423631 0.345616 0.005969 0.004664
0 0.999122 0.343284 0.004565 0.007463
0 0.960323 0.342234 0.007022 0.005830
0 0.985428 0.341418 0.015098 0.007463
0 0.889221 0.351329 0.031250 0.028218
0 1.084972 0.337220 0.007725 0.004664
0 0.850772 0.349464 0.041433 0.033349
0 1.056531 0.334538 0.006320 0.006297
0 0.371840 0.347948 0.041433 0.033582
0 0.997367 0.331273 0.005969 0.006297
0 0.911517 0.336404 0.012640 0.021688
0 1.062149 0.328125 0.014045 0.006063
0 0.555478 0.328008 0.007725 0.005830
0 0.424508 0.322994 0.005618 0.003731
0 1.112711 0.324394 0.008427 0.006996
0 0.458919 0.322994 0.007725 0.004664
0 1.078301 0.328825 0.023876 0.019123
0 0.358497 0.320429 0.003511 0.002332
0 0.883076 0.319146 0.014045 0.009095
0 0.364993 0.319030 0.008778 0.009795
0 1.085323 0.316231 0.012640 0.005597
0 0.983848 0.321712 0.029494 0.017024
0 1.021594 0.305271 0.010183 0.006530
0 0.922226 0.306203 0.020014 0.009328
0 1.103757 0.304104 0.005969 0.005597
0 0.344101 0.309352 0.033006 0.024021
0 1.122542 0.298741 0.013343 0.005597
0 0.340765 0.303172 0.014396 0.015392
0 1.038624 0.312733 0.065309 0.035448
0 1.087605 0.290695 0.004565 0.003498
0 1.099368 0.288829 0.004916 0.003498
0 0.323560 0.290578 0.012992 0.008396
0 0.311622 0.286264 0.006671 0.004897
0 0.345857 0.287663 0.014747 0.009095
0 0.342346 0.280317 0.005618 0.004198
0 0.928897 0.280667 0.012289 0.005830
0 0.312676 0.278218 0.004565 0.003731
0 1.125527 0.281133 0.013694 0.010494
0 0.896243 0.269706 0.008076 0.006297
0 0.360253 0.263993 0.003511 0.003731
0 0.337430 0.269706 0.018961 0.016558
0 1.128511 0.260378 0.004213 0.002565
0 1.098666 0.255131 0.007022 0.005131
0 1.112711 0.252915 0.018258 0.005830
0 0.331110 0.253382 0.011236 0.008162
0 0.610428 0.249417 0.004565 0.004431
0 1.112184 0.247318 0.005267 0.003032
0 0.343574 0.253848 0.013694 0.018424
0 1.066889 0.243237 0.008778 0.004664
0 0.589888 0.240322 0.004213 0.003032
0 1.114817 0.241954 0.014747 0.006763
0 1.023876 0.238223 0.005618 0.003032
0 1.094452 0.236124 0.007022 0.004897
0 0.341468 0.238223 0.026334 0.012826
0 1.132374 0.240672 0.016152 0.018657
0 1.076721 0.228545 0.005969 0.003265
0 0.602704 0.229827 0.017907 0.012360
0 1.143434 0.226562 0.012289 0.006763
0 0.561798 0.226912 0.007725 0.007463
0 0.577598 0.224114 0.010534 0.006996
0 0.640449 0.222248 0.003511 0.003731
0 0.396945 0.220849 0.004565 0.002799
0 1.051088 0.222948 0.009480 0.008862
0 0.548279 0.218983 0.005969 0.002332
0 0.560393 0.218633 0.008427 0.005830
0 1.128160 0.215485 0.004213 0.002332
0 0.911166 0.218633 0.015449 0.010961
0 0.548982 0.213969 0.003160 0.002565
0 0.543715 0.213736 0.002458 0.002099
0 0.534410 0.214785 0.007725 0.004664
0 0.370435 0.230527 0.035112 0.036614
0 0.505969 0.212920 0.007725 0.003265
0 0.396419 0.210821 0.004916 0.004198
0 0.617978 0.215135 0.013343 0.013293
0 0.597612 0.213153 0.015449 0.009795
0 0.506496 0.207439 0.003862 0.002565
0 0.638167 0.208139 0.012289 0.009562
0 0.553195 0.203591 0.005267 0.003265
0 0.519136 0.203941 0.013694 0.007229
0 0.459972 0.198694 0.005618 0.002799
0 0.480513 0.196945 0.004565 0.002099
0 0.426791 0.197178 0.005267 0.003498
0 0.515098 0.197178 0.005618 0.003965
0 0.471032 0.196595 0.003862 0.002799
0 0.440309 0.197178 0.004213 0.004431
0 0.891503 0.200676 0.013343 0.013293
0 0.545997 0.195546 0.004916 0.003965
0 1.102177 0.194613 0.005618 0.002565
0 1.064256 0.206390 0.033708 0.027052
0 1.048982 0.196595 0.009480 0.007463
0 0.526159 0.193563 0.003862 0.001866
0 0.631847 0.193913 0.005267 0.003498
0 1.163272 0.194146 0.007022 0.006763
0 0.710499 0.277985 0.285463 0.174440
0 0.685569 0.196362 0.013694 0.011194
0 0.425562 0.191231 0.008427 0.006530
0 0.435569 0.189249 0.003862 0.003498
0 0.462605 0.191814 0.009480 0.009095
0 0.444698 0.190532 0.007374 0.006530
0 0.472788 0.190882 0.012992 0.008629
0 0.400456 0.195662 0.041081 0.018190
0 0.612360 0.187850 0.005618 0.003965
0 0.565660 0.191581 0.015449 0.011894
0 1.210850 0.186334 0.005267 0.003265
0 1.055829 0.187034 0.009831 0.004664
0 1.070751 0.186684 0.008076 0.006297
0 0.758076 0.183769 0.012640 0.005597
0 1.039326 0.184701 0.011236 0.008396
0 0.459270 0.181903 0.004213 0.002799
0 0.541433 0.184002 0.033006 0.008396
0 0.836903 0.181320 0.005267 0.003965
0 0.962605 0.180504 0.003862 0.003265
0 1.015098 0.181903 0.009831 0.008396
0 0.471383 0.179804 0.008076 0.006063
0 1.084796 0.180504 0.015098 0.011194
0 1.028968 0.178055 0.012992 0.006763
0 1.137465 0.177705 0.010183 0.006530
0 0.487711 0.178521 0.015449 0.009562
0 1.115520 0.177938 0.029494 0.008862
0 0.421699 0.174674 0.009831 0.003265
0 0.674508 0.174557 0.009831 0.003965
0 0.433462 0.178521 0.034761 0.011894
0 0.589185 0.174207 0.004213 0.003731
0 0.713308 0.176073 0.011587 0.009328
0 0.849192 0.173274 0.007374 0.005597
0 0.543890 0.174324 0.037219 0.007696
0 1.066889 0.175956 0.023525 0.011427
0 0.605688 0.177006 0.014747 0.013993
0 0.840941 0.171409 0.006320 0.005131
0 0.616397 0.168960 0.005267 0.003498
0 0.805829 0.169076 0.006320 0.004198
0 0.926966 0.166511 0.004213 0.002332
0 0.858673 0.168144 0.011587 0.007463
0 1.043013 0.168144 0.008076 0.007929
0 1.092170 0.166278 0.008076 0.004664
0 0.496313 0.165578 0.005267 0.004664
0 0.797928 0.183419 0.060744 0.042677
0 0.568118 0.163713 0.011236 0.003265
0 0.923806 0.163013 0.004916 0.003265
0 0.892029 0.162313 0.005267 0.003731
0 0.589361 0.164762 0.020716 0.009562
0 0.969628 0.163013 0.010183 0.006996
0 0.845506 0.162313 0.009831 0.006996
0 0.620611 0.160098 0.005267 0.003032
0 1.131320 0.162197 0.014747 0.007696
0 0.936096 0.161614 0.005618 0.008396
0 0.457690 0.166395 0.017907 0.019356
0 0.763343 0.158582 0.011236 0.004664
0 0.591292 0.157999 0.004916 0.003498
0 0.636060 0.161264 0.020716 0.012360
0 0.913272 0.156250 0.005618 0.003731
0 1.094101 0.157416 0.010534 0.006996
0 1.181004 0.154618 0.004565 0.003731
0 0.947683 0.154035 0.004213 0.003498
0 0.480688 0.158116 0.015449 0.012127
0 0.558462 0.152752 0.005969 0.002799
0 0.369733 0.155667 0.011938 0.010028
0 0.461552 0.153102 0.008076 0.005364
0 0.571980 0.154851 0.030197 0.010728
0 0.526861 0.160681 0.040379 0.025653
0 0.491397 0.148438 0.005267 0.003498
0 1.175562 0.146805 0.015449 0.003965
0 0.875176 0.155784 0.024228 0.026119
0 0.621840 0.144007 0.006320 0.004431
0 0.473666 0.144123 0.007725 0.007463
0 0.577072 0.141325 0.006671 0.004198
0 0.758778 0.139925 0.007022 0.003265
0 0.868329 0.140625 0.012640 0.005597
0 0.432584 0.141558 0.009831 0.007463
0 1.101826 0.142840 0.009831 0.014226
0 1.149754 0.145989 0.031952 0.020989
0 0.405372 0.151353 0.043890 0.036847
0 0.868680 0.134095 0.004213 0.003265
0 0.713483 0.152868 0.068118 0.042211
0 0.766678 0.132229 0.005267 0.002799
0 1.172051 0.132579 0.004916 0.003965
0 0.910288 0.141441 0.045295 0.029151
0 1.125702 0.131646 0.019663 0.014226
0 1.104986 0.126866 0.005618 0.004664
0 0.725246 0.128265 0.017205 0.008396
0 1.071278 0.123134 0.005618 0.003731
0 0.717170 0.121618 0.006671 0.005364
0 0.578301 0.118237 0.004916 0.003265
0 1.082338 0.118937 0.013694 0.007929
0 0.496840 0.114855 0.029494 0.012360
0 1.158006 0.111707 0.004916 0.007463
0 1.105688 0.114039 0.015449 0.013526
0 0.599192 0.109492 0.008076 0.004897
0 0.827072 0.109142 0.005969 0.004664
0 1.126053 0.110308 0.019663 0.012127
0 1.077247 0.107276 0.012640 0.008396
0 1.115344 0.104711 0.005969 0.005131
0 0.867626 0.101912 0.004916 0.002799
0 0.555302 0.101912 0.003862 0.003731
0 0.470857 0.102612 0.007022 0.005131
0 0.531952 0.102029 0.011236 0.006763
0 1.099192 0.102962 0.017907 0.010494
0 0.829529 0.098298 0.008076 0.004431
0 1.062500 0.099347 0.007725 0.006996
0 0.781777 0.098531 0.006671 0.005830
0 1.075316 0.098764 0.010183 0.006763
0 0.857093 0.098414 0.006320 0.007463
0 0.510358 0.100746 0.017205 0.013060
0 0.437851 0.099464 0.021770 0.011427
0 0.847788 0.093750 0.005267 0.003731
0 0.870260 0.092584 0.004565 0.003265
0 0.478933 0.093050 0.012640 0.008396
0 0.504389 0.091535 0.005969 0.005830
0 0.642556 0.096315 0.021067 0.018657
0 1.112184 0.088619 0.006671 0.003731
0 1.097963 0.091418 0.011938 0.012593
0 0.520190 0.086987 0.005267 0.003731
0 1.114466 0.085005 0.004213 0.002565
0 0.716468 0.093284 0.036868 0.025187
0 0.511587 0.081623 0.008427 0.003265
0 1.085850 0.080340 0.005969 0.004431
0 0.268610 0.078242 0.006320 0.003965
0 1.104108 0.076726 0.004565 0.002799
0 0.537570 0.077192 0.009831 0.004664
0 0.489642 0.079874 0.015801 0.010494
0 0.692240 0.087104 0.021419 0.026819
0 0.753336 0.080457 0.027739 0.014459
0 0.561447 0.077542 0.017556 0.009095
0 0.681355 0.073577 0.005969 0.004897
0 0.841994 0.071828 0.005618 0.003731
0 0.696805 0.066931 0.007374 0.005131
0 0.776159 0.068680 0.016503 0.013293
0 0.503336 0.065299 0.014396 0.007463
0 1.066538 0.060285 0.010183 0.009562
0 0.671875 0.061101 0.012992 0.013526
0 0.689782 0.055504 0.007374 0.005597
0 0.659761 0.055271 0.008427 0.006530
0 0.518258 0.061451 0.024579 0.020756
0 0.733497 0.061451 0.034410 0.022155
0 0.760358 0.053871 0.012992 0.009795
0 0.541081 0.060168 0.022472 0.025653
0 0.811271 0.048507 0.005969 0.005131
0 0.644663 0.050023 0.018258 0.011894
0 0.570751 0.054221 0.058638 0.024021
0 0.618153 0.047924 0.017205 0.012360
0 0.600948 0.043610 0.009480 0.006996
0 0.520541 0.042094 0.022823 0.008629
0 0.716994 0.039412 0.005618 0.003731
0 0.500351 0.038130 0.007022 0.005364
0 0.726650 0.036497 0.004565 0.003032
0 0.581285 0.035564 0.004565 0.003032
0 0.532830 0.035681 0.007374 0.004198
0 0.561798 0.035098 0.014747 0.009562
0 0.716468 0.031833 0.005969 0.003965
0 0.608497 0.032766 0.012640 0.006763
0 0.636763 0.033116 0.022823 0.007929
0 0.732619 0.029035 0.008778 0.006297
0 0.594277 0.031367 0.008778 0.011894
0 0.656952 0.027868 0.004916 0.005830
0 0.620611 0.028451 0.006671 0.012593
0 0.579003 0.023671 0.008427 0.006297
0 0.685218 0.029851 0.041784 0.024720
0 0.652914 0.015742 0.012289 0.007229
0 0.714185 0.013993 0.005618 0.004198
0 0.497893 0.014692 0.006320 0.007929
