0 0.771770 0.590951 0.003511 0.002799
0 0.802669 0.590485 0.003511 0.002332
0 0.765098 0.585471 0.004213 0.003032
0 0.774754 0.585238 0.007374 0.006763
0 0.807058 0.584188 0.004565 0.005131
0 0.820751 0.582556 0.002458 0.002799
0 0.739291 0.581623 0.004565 0.003265
0 0.794417 0.580574 0.003160 0.003498
0 0.781601 0.580107 0.006320 0.004897
0 0.837605 0.575326 0.005969 0.005131
0 0.857093 0.572878 0.010534 0.010961
0 0.827774 0.572062 0.008076 0.009328
0 0.846032 0.573344 0.008076 0.013759
0 0.820049 0.572645 0.008076 0.012360
0 0.728757 0.571245 0.017205 0.009562
0 1.109726 0.568097 0.005969 0.004198
0 0.874473 0.565998 0.009480 0.008396
0 0.807233 0.551772 0.002809 0.001399
0 0.856390 0.558769 0.031601 0.018657
0 0.881496 0.552006 0.010885 0.007463
0 0.868504 0.549090 0.012289 0.007229
0 0.653792 0.544426 0.005618 0.002565
0 0.848841 0.543727 0.001756 0.002099
0 0.836728 0.544660 0.003511 0.004897
0 0.667310 0.546059 0.012289 0.011894
0 0.837781 0.539762 0.002107 0.001632
0 0.660639 0.539529 0.003160 0.003032
0 0.690133 0.536730 0.003160 0.003965
0 0.725246 0.534748 0.004565 0.008396
0 0.830407 0.528451 0.004916 0.003731
0 0.870260 0.535914 0.042486 0.019590
0 0.674860 0.533699 0.010534 0.016558
0 0.719628 0.527519 0.008778 0.004664
0 0.704705 0.526469 0.005618 0.002565
0 0.891678 0.527052 0.008778 0.007463
0 0.856215 0.523321 0.003160 0.002332
0 0.849719 0.523204 0.003511 0.003498
0 0.874649 0.522505 0.004916 0.002565
0 0.715239 0.523204 0.011236 0.007229
0 0.701018 0.521222 0.010183 0.006063
0 0.591117 0.517840 0.005969 0.003965
0 0.748947 0.515975 0.003511 0.006763
0 0.606742 0.514459 0.005618 0.003731
0 0.898350 0.520406 0.015801 0.016558
0 0.865520 0.512243 0.009129 0.006763
0 0.722963 0.508046 0.008427 0.005830
0 0.719101 0.503032 0.002107 0.001866
0 0.948736 0.504198 0.006320 0.004664
0 0.721910 0.500350 0.003511 0.003032
0 0.719803 0.497551 0.009129 0.002565
0 0.701018 0.496968 0.003160 0.001866
0 1.100948 0.496269 0.005267 0.003265
0 0.713834 0.495336 0.003511 0.003265
0 0.888167 0.492304 0.003862 0.002799
0 0.707514 0.493237 0.012640 0.007463
0 0.550737 0.492771 0.005969 0.008396
0 0.711025 0.488106 0.004916 0.002332
0 0.720506 0.489972 0.008427 0.007463
0 0.891503 0.486474 0.004213 0.002799
0 0.529143 0.486590 0.006320 0.004431
0 0.911341 0.484142 0.002458 0.002332
0 1.125702 0.484375 0.005618 0.003265
0 0.897121 0.483792 0.002809 0.002565
0 0.908357 0.480877 0.002107 0.002799
0 0.720857 0.482393 0.009129 0.008162
0 0.934515 0.477379 0.003160 0.002799
0 0.698209 0.478078 0.012992 0.009795
0 0.675211 0.475047 0.004916 0.003731
0 0.723841 0.473647 0.003160 0.001866
0 0.894838 0.473647 0.003160 0.002332
0 0.698209 0.471549 0.003862 0.001866
0 0.179424 0.473064 0.011938 0.009095
0 0.887640 0.471082 0.007725 0.006530
0 0.928195 0.469100 0.004565 0.003032
0 0.907654 0.472948 0.020365 0.013060
0 0.972437 0.469100 0.012992 0.007229
0 0.726826 0.468517 0.004916 0.006063
0 0.997015 0.466068 0.005267 0.002565
0 0.200667 0.472365 0.020716 0.015625
0 0.989817 0.466301 0.006320 0.004431
0 0.893434 0.462920 0.002458 0.002799
0 0.723841 0.461987 0.002458 0.001866
0 0.715414 0.461870 0.004565 0.002099
0 0.704705 0.464436 0.028792 0.011894
0 0.987360 0.458955 0.004213 0.003265
0 0.718048 0.458839 0.003511 0.003032
0 0.993504 0.457090 0.004565 0.002332
0 0.955758 0.457323 0.014045 0.008396
0 0.980513 0.455457 0.005969 0.006996
0 0.782128 0.452775 0.004565 0.002565
0 0.703301 0.450326 0.002809 0.001866
0 0.974719 0.451842 0.006320 0.005830
0 0.697156 0.449510 0.004565 0.003498
0 0.905372 0.449627 0.004565 0.004664
0 0.895541 0.451376 0.008076 0.008629
0 0.727879 0.445312 0.010534 0.002565
0 0.863062 0.447761 0.011938 0.008396
0 0.781074 0.443913 0.002458 0.002565
0 1.014396 0.443797 0.003511 0.003265
0 0.800211 0.443680 0.011236 0.003498
0 0.928897 0.460821 0.045997 0.039179
0 1.001229 0.440415 0.005267 0.003498
0 0.652212 0.439482 0.005267 0.002099
0 0.779319 0.439132 0.003862 0.001866
0 0.790028 0.438666 0.003511 0.002799
0 1.006496 0.439715 0.004565 0.006297
0 0.721032 0.439016 0.008076 0.005364
0 0.787044 0.436684 0.002458 0.001632
0 0.632022 0.439832 0.024579 0.010261
0 0.995787 0.433769 0.004916 0.002799
0 0.991222 0.433419 0.002809 0.003032
0 0.765449 0.437267 0.014045 0.013526
0 0.981917 0.430737 0.007374 0.005131
0 0.796524 0.427239 0.003862 0.002799
0 0.765449 0.426073 0.010534 0.003265
0 0.910463 0.430620 0.030197 0.015159
0 0.797051 0.422691 0.004916 0.002099
0 0.782303 0.421758 0.004213 0.003965
0 0.776159 0.419310 0.001756 0.001399
0 0.654319 0.425140 0.023525 0.014925
0 0.778265 0.417561 0.001756 0.001166
0 0.991046 0.421525 0.017907 0.010028
0 0.756847 0.417211 0.003160 0.001866
0 0.873420 0.421875 0.017907 0.012127
0 0.824263 0.416861 0.003862 0.002099
0 0.128687 0.418027 0.005969 0.006763
0 0.880091 0.416511 0.008778 0.004198
0 0.771243 0.415812 0.006671 0.003731
0 0.861131 0.413596 0.010183 0.006763
0 0.487886 0.410681 0.010885 0.007929
0 1.004389 0.410098 0.012992 0.008162
0 0.981039 0.406017 0.008427 0.005597
0 0.499473 0.404384 0.015801 0.005131
0 1.027739 0.402285 0.003511 0.002332
0 0.881496 0.400187 0.003160 0.002332
0 0.857971 0.400653 0.018610 0.008396
0 0.677669 0.395289 0.003511 0.001866
0 0.859024 0.395756 0.003862 0.003731
0 0.665028 0.396805 0.004916 0.006297
0 0.880091 0.392374 0.003160 0.002565
0 0.915379 0.391558 0.003511 0.003265
0 0.783708 0.391325 0.005618 0.003265
0 0.522999 0.390625 0.003160 0.001866
0 0.854635 0.390742 0.006320 0.005364
0 0.754565 0.385611 0.003511 0.002565
0 0.758778 0.384795 0.002809 0.001866
0 0.533708 0.385145 0.003511 0.002565
0 0.521945 0.386311 0.005267 0.004897
0 0.688202 0.384095 0.006320 0.003265
0 0.973490 0.384562 0.005267 0.005597
0 0.776334 0.381530 0.003511 0.002332
0 0.526334 0.381530 0.002809 0.002332
0 0.698912 0.381297 0.006671 0.002799
0 0.986833 0.380597 0.003862 0.002799
0 0.737711 0.381880 0.007022 0.005830
0 0.765274 0.381180 0.010183 0.005364
0 0.998420 0.380014 0.008076 0.003498
0 0.773701 0.377449 0.003160 0.000700
0 0.527037 0.378032 0.003511 0.003265
0 0.756145 0.377215 0.003160 0.002099
0 0.674684 0.379198 0.005267 0.006530
0 0.698209 0.376049 0.003862 0.002565
0 0.730688 0.375233 0.003511 0.002332
0 0.687676 0.374184 0.004565 0.002565
0 0.761938 0.373717 0.004213 0.002565
0 0.695751 0.412197 0.080407 0.079991
0 1.001756 0.373484 0.004213 0.003032
0 0.519838 0.373251 0.005969 0.003032
0 0.701194 0.371968 0.002809 0.004198
0 0.529143 0.371385 0.006320 0.003965
0 0.716819 0.369869 0.002458 0.001866
0 0.710323 0.370103 0.007022 0.003731
0 0.806531 0.368820 0.005618 0.003032
0 0.725772 0.368703 0.005618 0.002799
0 0.743680 0.367654 0.004213 0.006297
0 0.544066 0.368470 0.011587 0.008396
0 0.822858 0.366371 0.005969 0.004664
0 0.704705 0.365205 0.003511 0.002332
0 0.970681 0.372668 0.028441 0.023787
0 0.980513 0.361007 0.003160 0.002332
0 0.796173 0.359375 0.008778 0.002799
0 0.991573 0.359142 0.007022 0.003265
0 0.982093 0.358209 0.004213 0.002332
0 0.523876 0.358559 0.018961 0.013293
0 0.488062 0.352379 0.007725 0.005131
0 0.961903 0.347132 0.002458 0.002565
0 0.970857 0.348531 0.014747 0.006763
0 0.957163 0.343050 0.002809 0.001399
0 0.797928 0.348764 0.023525 0.013293
0 0.977001 0.342118 0.002458 0.001399
0 0.955583 0.341185 0.003862 0.002799
0 0.558813 0.345965 0.030548 0.013759
0 0.580934 0.344683 0.012289 0.011660
0 0.771770 0.343633 0.016854 0.011427
0 1.000351 0.337920 0.002809 0.001866
0 0.971910 0.331623 0.004213 0.002799
0 0.616924 0.347132 0.054073 0.033815
0 0.947858 0.328242 0.004565 0.004431
0 0.584445 0.329174 0.016503 0.008162
0 0.991573 0.329524 0.016152 0.013526
0 0.896243 0.323577 0.003862 0.003032
0 0.543539 0.324394 0.006320 0.005131
0 0.808813 0.318797 0.002458 0.001866
0 0.617802 0.319263 0.005267 0.003731
0 0.778441 0.319613 0.006320 0.004897
0 0.804600 0.318097 0.002458 0.002332
0 0.713659 0.317631 0.005267 0.005597
0 0.717521 0.312267 0.002458 0.001866
0 0.844628 0.312150 0.003160 0.002099
0 0.787570 0.312383 0.004916 0.002565
0 0.622718 0.312500 0.003160 0.002799
0 0.795997 0.310984 0.003511 0.002099
0 0.834972 0.307603 0.003511 0.002799
0 0.821454 0.307486 0.003160 0.003032
0 0.830758 0.306670 0.003511 0.002332
0 0.730162 0.306203 0.003862 0.002799
0 0.909410 0.305037 0.002809 0.002332
0 0.816362 0.304921 0.003511 0.002565
0 0.916081 0.303288 0.003511 0.002099
0 0.749649 0.303405 0.002809 0.002332
0 0.921875 0.301772 0.003160 0.001866
0 0.820225 0.302006 0.003511 0.002332
0 0.574614 0.303288 0.006671 0.005830
0 0.868680 0.297808 0.004213 0.001866
0 0.884656 0.303638 0.022121 0.015392
0 0.777914 0.302355 0.013694 0.015625
0 0.873069 0.295243 0.004565 0.003265
0 0.774052 0.292094 0.005267 0.003032
0 0.584270 0.293843 0.019663 0.006996
0 0.562851 0.290229 0.009129 0.006297
0 0.919944 0.289062 0.009129 0.006297
0 0.730513 0.291045 0.037570 0.017724
0 0.806180 0.293960 0.047051 0.024953
0 0.551791 0.284865 0.010885 0.006763
0 0.874298 0.280434 0.003511 0.003032
0 0.762640 0.286031 0.023174 0.021688
0 1.015274 0.275187 0.014396 0.010261
0 0.782128 0.277868 0.011587 0.016091
0 0.721559 0.269123 0.004916 0.005131
0 0.751229 0.268540 0.010885 0.010028
0 0.737360 0.271688 0.021770 0.017257
0 0.709972 0.263759 0.004213 0.002332
0 1.002809 0.264226 0.014045 0.009328
0 0.735253 0.260378 0.003511 0.002099
0 0.743855 0.260145 0.008076 0.003498
0 0.747191 0.256413 0.004213 0.004897
0 0.968574 0.258512 0.008778 0.013759
0 0.852704 0.253032 0.004565 0.003731
0 0.873596 0.253615 0.004916 0.005364
0 0.707163 0.255597 0.010534 0.009795
0 0.698912 0.252215 0.005267 0.003498
0 0.581987 0.260728 0.039677 0.025187
0 0.677317 0.249067 0.005618 0.007929
0 0.673279 0.243354 0.003160 0.002099
0 0.585499 0.244170 0.005267 0.003731
0 0.852704 0.243587 0.004565 0.003032
0 0.732268 0.239272 0.003160 0.002332
0 0.637465 0.239156 0.021419 0.007696
0 0.924333 0.233792 0.007374 0.005830
0 0.668013 0.231693 0.008076 0.006297
0 0.650808 0.230410 0.008076 0.004664
0 0.603230 0.226446 0.007022 0.005131
0 0.918715 0.226912 0.009480 0.007463
0 0.677493 0.224697 0.003862 0.005830
0 0.723666 0.221898 0.002809 0.001632
0 0.826194 0.222715 0.003511 0.004198
0 0.825667 0.208372 0.006671 0.010494
0 0.797577 0.209538 0.019312 0.020289
0 0.772823 0.192514 0.003511 0.003032
0 0.762114 0.192514 0.008076 0.004897
0 0.777563 0.186917 0.003160 0.002099
0 0.782303 0.179454 0.011236 0.010961
0 0.795646 0.171525 0.006320 0.005364
0 0.688904 0.163479 0.005618 0.003731
0 0.253862 0.148438 0.004916 0.007229
0 0.622367 0.145756 0.005969 0.004198
0 0.701369 0.147155 0.007374 0.008862
0 0.622718 0.139459 0.007374 0.004664
0 0.724368 0.136311 0.009129 0.004897
0 0.722963 0.127799 0.003511 0.001866
0 0.260709 0.129897 0.005267 0.006063
0 0.716468 0.124067 0.005969 0.004198
0 0.737886 0.118820 0.008778 0.006297
0 0.728581 0.116488 0.004213 0.003032
0 0.727879 0.112290 0.004213 0.004431
0 0.737184 0.110658 0.004565 0.003032
0 0.804775 0.107043 0.004213 0.003731
0 0.718399 0.092118 0.014045 0.006530
0 0.893610 0.090485 0.008427 0.005597
0 0.390625 0.040345 0.003862 0.002799
0 0.361833 0.031250 0.005267 0.006063
0 0.375351 0.032999 0.016152 0.010028
0 0.589010 0.027402 0.004565 0.005364
0 0.395190 0.026586 0.008778 0.007463
0 0.378687 0.017607 0.005969 0.006297
0 0.366222 0.016908 0.004916 0.005830
0 0.404846 0.010844 0.007022 0.003498
