0 0.221032 0.449860 0.008778 0.006063
0 0.197331 0.441231 0.008427 0.005131
0 0.708392 0.418144 0.013694 0.004664
0 0.712430 0.407299 0.009129 0.003498
0 0.804951 0.374650 0.010183 0.005364
0 0.814782 0.363573 0.011587 0.006063
0 0.794593 0.349930 0.012640 0.007696
0 0.773350 0.317631 0.008778 0.009795
0 0.758603 0.296409 0.007374 0.003731
0 0.755267 0.281950 0.008427 0.003731
0 0.726124 0.278918 0.009831 0.006996
0 0.732971 0.272155 0.010885 0.007463
0 0.708041 0.239272 0.008778 0.005131
0 0.684515 0.237873 0.005969 0.003731
0 0.830583 0.208372 0.005969 0.004431
0 0.824087 0.176073 0.011938 0.009328
0 0.797051 0.172341 0.008427 0.003265
0 0.855337 0.027752 0.003511 0.003265
