0 1.081636 0.608326 0.004565 0.003498
0 0.933638 0.386194 0.014747 0.008396
0 0.814782 0.375233 0.014396 0.009795
0 0.943118 0.376982 0.021067 0.014692
0 0.978757 0.366838 0.003862 0.002332
0 1.014747 0.366021 0.003511 0.001166
0 1.007725 0.368354 0.009129 0.008629
0 0.969803 0.364389 0.004916 0.003032
0 0.882549 0.363223 0.008778 0.004897
0 0.929249 0.366138 0.024228 0.015392
0 0.916081 0.360308 0.008427 0.003731
0 0.905372 0.360075 0.010885 0.007463
0 1.034937 0.358909 0.012992 0.005597
0 0.992978 0.360308 0.016854 0.008396
0 0.892029 0.355527 0.018610 0.009095
0 0.911166 0.351213 0.007022 0.003265
0 1.031426 0.349347 0.004565 0.003265
0 1.011763 0.354827 0.032654 0.017957
0 1.031426 0.343867 0.008076 0.004897
0 1.022823 0.342584 0.012640 0.006063
0 0.838132 0.341768 0.007022 0.006763
0 0.907128 0.344450 0.017907 0.013993
0 1.035112 0.331390 0.003511 0.002332
0 0.989817 0.331740 0.010534 0.008629
0 1.020014 0.333372 0.022472 0.012826
0 0.849192 0.328591 0.005969 0.003731
0 1.034937 0.327542 0.004565 0.002565
0 1.102177 0.326376 0.004213 0.003498
0 0.981917 0.324627 0.004565 0.003265
0 1.071103 0.322062 0.004565 0.002332
0 0.866573 0.318097 0.003511 0.002332
0 0.939256 0.318097 0.007022 0.004198
0 0.985779 0.317864 0.011587 0.004664
0 0.807233 0.318214 0.017556 0.013293
0 1.021419 0.319496 0.021770 0.017724
0 0.965941 0.310518 0.004213 0.002565
0 0.912921 0.311101 0.009129 0.003731
0 1.116924 0.309818 0.004213 0.002565
0 0.821454 0.311217 0.008778 0.005830
0 0.940309 0.308885 0.004916 0.002565
0 0.992802 0.311684 0.015801 0.008629
0 0.806355 0.309701 0.005969 0.005131
0 0.790204 0.309701 0.012992 0.006530
0 0.982093 0.308769 0.014045 0.009795
0 0.956987 0.305620 0.008076 0.003965
0 1.122015 0.305037 0.004565 0.003265
0 0.972612 0.304221 0.004916 0.002565
0 1.012816 0.300140 0.005267 0.003731
0 1.025808 0.299674 0.005969 0.004198
0 0.876229 0.300490 0.010183 0.007229
0 0.982444 0.299907 0.010534 0.006996
0 0.971032 0.297575 0.004565 0.003265
0 1.275281 0.296758 0.004916 0.003965
0 0.793013 0.298274 0.007374 0.007463
0 0.948912 0.298274 0.012289 0.008862
0 1.007549 0.293727 0.008076 0.003965
0 0.932935 0.292094 0.004916 0.002099
0 1.014045 0.291045 0.005618 0.003731
0 1.257198 0.296758 0.011587 0.016091
0 0.966994 0.292094 0.014045 0.007229
0 0.923631 0.289995 0.010183 0.003498
0 0.835147 0.291395 0.010885 0.009562
0 0.955758 0.287080 0.005618 0.003731
0 0.964888 0.287430 0.009831 0.004897
0 1.091292 0.285798 0.009831 0.007696
0 0.941713 0.287313 0.016152 0.012127
0 0.964537 0.282533 0.011236 0.003965
0 0.792135 0.282533 0.011938 0.006297
0 1.186271 0.276236 0.004565 0.003032
0 1.111131 0.274254 0.003160 0.002332
0 1.079881 0.270289 0.005969 0.004664
0 0.826018 0.271922 0.005969 0.009328
0 1.012114 0.267840 0.006671 0.005830
0 0.916959 0.260961 0.012992 0.006530
0 0.889396 0.265975 0.053371 0.042211
0 0.955758 0.241721 0.003511 0.002565
0 0.830232 0.238806 0.008076 0.004664
0 0.953652 0.230410 0.003511 0.002332
0 0.822331 0.232393 0.014045 0.009562
0 0.826018 0.223181 0.006671 0.006063
0 0.843926 0.220732 0.004565 0.003498
0 1.117451 0.158116 0.001756 0.000933
