0 0.984551 0.642374 0.008427 0.007696
0 1.005267 0.635728 0.024579 0.012127
0 0.803195 0.578125 0.008778 0.006063
0 1.066889 0.576376 0.003862 0.003498
0 0.777563 0.575443 0.004565 0.002565
0 0.995611 0.572528 0.004565 0.003731
0 0.808989 0.572178 0.012640 0.005364
0 0.959445 0.570079 0.004565 0.003498
0 0.803195 0.564132 0.003160 0.001866
0 0.825140 0.561217 0.002107 0.001632
0 0.801440 0.560634 0.003862 0.002332
0 0.816011 0.554454 0.003511 0.002099
0 1.091292 0.553638 0.005618 0.003731
0 0.873244 0.548041 0.002107 0.001399
0 0.973841 0.550373 0.011587 0.007929
0 1.038624 0.519007 0.015449 0.007229
0 1.021243 0.518540 0.010183 0.007696
0 1.013343 0.511077 0.006320 0.002565
0 1.026861 0.511194 0.011587 0.004198
0 1.034410 0.508745 0.011236 0.005830
0 1.004038 0.508046 0.010183 0.005364
0 1.021594 0.506646 0.006671 0.006297
0 1.040028 0.505480 0.009129 0.005830
0 1.029319 0.499184 0.005267 0.002099
0 1.030899 0.497085 0.003511 0.002565
0 0.959972 0.440065 0.004213 0.003265
0 0.974895 0.422575 0.005969 0.002799
0 0.941538 0.429454 0.019312 0.017957
0 1.041784 0.416161 0.006320 0.002565
0 1.064782 0.413946 0.005267 0.002799
0 0.662395 0.413479 0.005267 0.003731
0 0.687149 0.409165 0.001404 0.001632
0 0.624824 0.406716 0.010885 0.003731
0 0.955758 0.406250 0.003511 0.003265
0 0.696629 0.405667 0.003511 0.002099
0 0.958743 0.396805 0.003862 0.003032
0 0.598490 0.398904 0.014396 0.009095
0 0.604810 0.386894 0.012992 0.005131
0 0.597612 0.378382 0.007725 0.004897
0 1.146945 0.376632 0.005969 0.003265
0 0.616397 0.375816 0.012289 0.006297
0 1.185042 0.370103 0.007725 0.003265
0 0.646945 0.369053 0.003160 0.002099
0 0.740695 0.370569 0.008076 0.007463
0 0.751580 0.369753 0.017205 0.008162
0 0.725070 0.366721 0.002809 0.002565
0 0.662921 0.362990 0.003511 0.002099
0 0.722261 0.363106 0.003511 0.002799
0 0.752458 0.361940 0.004213 0.002799
0 1.252809 0.360891 0.004916 0.002099
0 0.743329 0.363106 0.008427 0.006996
0 0.731917 0.363340 0.011587 0.010728
0 1.223315 0.357276 0.004213 0.001399
0 0.719452 0.358326 0.004213 0.003965
0 1.230162 0.355061 0.007374 0.004431
0 0.741046 0.352262 0.002458 0.001632
0 1.254565 0.351912 0.004213 0.002332
0 1.244382 0.350280 0.003511 0.001866
0 0.777388 0.352729 0.009831 0.010028
0 0.750878 0.348764 0.003160 0.002565
0 1.279494 0.347831 0.005618 0.002565
0 0.760885 0.347248 0.002809 0.002799
0 0.734902 0.347248 0.002809 0.002799
0 1.215590 0.346549 0.006320 0.002799
0 0.727353 0.345965 0.003160 0.002565
0 0.667135 0.345149 0.005618 0.004664
0 0.760534 0.342817 0.002809 0.002799
0 0.727177 0.342351 0.004916 0.002799
0 0.745787 0.341185 0.003511 0.002799
0 1.102353 0.340951 0.004565 0.004198
0 1.287570 0.338270 0.006320 0.003032
0 0.748244 0.337104 0.002107 0.002565
0 0.755618 0.336171 0.010534 0.005364
0 0.744206 0.334422 0.003160 0.002332
0 0.754740 0.331740 0.002458 0.001632
0 0.214888 0.332439 0.016152 0.008629
0 0.192767 0.330107 0.007022 0.004431
0 0.829003 0.328825 0.004213 0.003265
0 1.256320 0.328125 0.004916 0.006063
0 0.760885 0.322878 0.007022 0.006763
0 0.800035 0.320429 0.005267 0.004664
0 0.766152 0.319263 0.003511 0.002332
0 0.719277 0.315182 0.012289 0.007696
0 0.760358 0.312500 0.004565 0.002799
0 0.832690 0.309118 0.004565 0.002565
0 0.209270 0.311800 0.013343 0.010261
0 0.740871 0.308652 0.007725 0.006297
0 0.724544 0.305154 0.003862 0.002565
0 0.706636 0.308652 0.018610 0.010028
0 0.739642 0.302239 0.005267 0.004198
0 0.673104 0.300956 0.007022 0.003965
0 1.082865 0.299557 0.004213 0.002099
0 1.072331 0.301772 0.003511 0.006530
0 1.031601 0.301189 0.009831 0.008162
0 0.684340 0.299090 0.008427 0.004431
0 0.950843 0.303755 0.016854 0.015159
0 0.817591 0.297458 0.002458 0.002565
0 0.730864 0.297575 0.004565 0.003265
0 1.093223 0.297458 0.010885 0.004897
0 1.023174 0.297341 0.013343 0.007929
0 0.718048 0.296292 0.011236 0.006297
0 0.880969 0.297458 0.009831 0.009095
0 0.676791 0.294776 0.009480 0.004198
0 1.049157 0.295359 0.009129 0.007229
0 0.214712 0.296292 0.013694 0.009562
0 1.076896 0.294426 0.010534 0.006763
0 0.893610 0.292561 0.008427 0.004897
0 0.691362 0.296059 0.023876 0.012826
0 1.054775 0.291395 0.009831 0.004897
0 1.090414 0.289412 0.002458 0.003265
0 1.069698 0.290229 0.005969 0.004897
0 0.748771 0.294776 0.022121 0.021455
0 1.024228 0.286264 0.005618 0.005364
0 0.770190 0.288713 0.005969 0.010728
0 0.691538 0.284515 0.007374 0.002332
0 1.037570 0.289296 0.017556 0.012826
0 0.867100 0.282649 0.003160 0.001866
0 0.748947 0.282066 0.002809 0.002099
0 0.670822 0.283815 0.004565 0.006063
0 1.085147 0.282882 0.008076 0.005131
0 0.915379 0.281833 0.002809 0.003032
0 0.716468 0.285331 0.016503 0.010028
0 0.792135 0.296409 0.029494 0.032649
0 0.988237 0.292677 0.023525 0.027052
0 0.876404 0.279618 0.002809 0.002799
0 1.068469 0.278685 0.003511 0.002799
0 0.752985 0.278102 0.006671 0.004431
0 0.715765 0.277402 0.005267 0.004431
0 0.648701 0.281600 0.026334 0.012826
0 0.969277 0.277635 0.011587 0.005364
0 0.730688 0.278218 0.013343 0.006530
0 1.008778 0.287080 0.016854 0.026586
0 0.897472 0.275653 0.004916 0.003731
0 0.631671 0.274021 0.003511 0.001866
0 1.023701 0.277752 0.015098 0.010261
0 0.661517 0.273904 0.004213 0.003032
0 0.877633 0.272388 0.003160 0.001866
0 1.099368 0.271805 0.006320 0.003965
0 0.647999 0.270522 0.002458 0.001866
0 1.004038 0.272621 0.003862 0.006530
0 0.895190 0.271222 0.004565 0.003731
0 0.641152 0.272038 0.013343 0.006763
0 0.876404 0.268540 0.006320 0.003498
0 0.642732 0.267024 0.001053 0.000933
0 1.071103 0.270289 0.011587 0.008396
0 0.920646 0.267141 0.004916 0.002565
0 0.770892 0.274021 0.015098 0.016791
0 0.794066 0.265625 0.003862 0.003731
0 0.730337 0.266441 0.009129 0.006297
0 0.718574 0.265392 0.010183 0.004198
0 0.861833 0.269473 0.012992 0.012826
0 1.055829 0.263993 0.004916 0.003731
0 1.041081 0.263876 0.005618 0.003498
0 0.812149 0.271455 0.016854 0.018657
0 0.634129 0.266674 0.014045 0.010028
0 1.134831 0.265159 0.011938 0.008396
0 0.832514 0.262593 0.004916 0.004198
0 0.645190 0.260028 0.003160 0.001866
0 0.652212 0.260028 0.002458 0.002332
0 0.632022 0.260145 0.005618 0.003498
0 1.112886 0.260145 0.009480 0.004431
0 0.656777 0.258745 0.001756 0.002565
0 0.644487 0.257929 0.003160 0.001399
0 0.874122 0.261894 0.015801 0.009795
0 0.853230 0.260961 0.012640 0.007929
0 0.839888 0.258512 0.007725 0.006297
0 0.722788 0.258862 0.013694 0.007929
0 1.132549 0.256180 0.005969 0.003032
0 0.867100 0.255131 0.001756 0.001399
0 1.041608 0.255830 0.006671 0.004664
0 1.020014 0.258979 0.026685 0.014226
0 0.884656 0.252682 0.002458 0.002565
0 0.898876 0.258396 0.012640 0.015392
0 0.655021 0.253498 0.006671 0.005597
0 0.813553 0.250933 0.002809 0.001866
0 0.749824 0.262010 0.027037 0.025886
0 0.839537 0.251749 0.008427 0.005830
0 0.826721 0.249534 0.003160 0.002332
0 0.731742 0.248484 0.002809 0.001166
0 0.985604 0.254548 0.019663 0.013759
0 1.144663 0.248484 0.003511 0.003498
0 1.102353 0.256530 0.021419 0.019590
0 0.835147 0.247785 0.008076 0.004431
0 1.068294 0.248134 0.010885 0.005597
0 0.612711 0.246618 0.007022 0.005364
0 0.977528 0.244986 0.004916 0.002565
0 0.818645 0.246385 0.005969 0.006297
0 0.622893 0.244403 0.004916 0.002799
0 0.908708 0.244986 0.009129 0.005364
0 0.630091 0.243354 0.003862 0.002565
0 0.732444 0.241954 0.002809 0.002099
0 0.726650 0.241604 0.003160 0.002332
0 0.838308 0.242771 0.007374 0.006063
0 0.921699 0.251399 0.018961 0.024254
0 0.800211 0.240322 0.002809 0.002099
0 1.052844 0.240089 0.008076 0.005364
0 0.868329 0.241838 0.008427 0.009328
0 1.060569 0.241721 0.012992 0.010961
0 0.669066 0.236824 0.001756 0.001166
0 0.881671 0.236124 0.004213 0.003498
0 0.834270 0.237523 0.012640 0.007229
0 0.642732 0.243120 0.020014 0.019823
0 1.030021 0.234142 0.004565 0.003265
0 0.942065 0.239272 0.018258 0.013526
0 0.693469 0.234492 0.004916 0.003965
0 1.049333 0.233792 0.005267 0.003032
0 0.676088 0.233675 0.006671 0.004198
0 1.078476 0.241604 0.024228 0.021455
0 1.106742 0.238106 0.024579 0.016791
0 0.820400 0.231343 0.003862 0.003265
0 0.940660 0.230410 0.005618 0.002332
0 0.867626 0.233209 0.008427 0.007929
0 1.137289 0.231110 0.008427 0.004198
0 0.853406 0.236707 0.010183 0.016791
0 0.862535 0.228078 0.005969 0.003265
0 1.125351 0.229478 0.009831 0.006530
0 1.150983 0.235075 0.015449 0.019123
0 0.937851 0.225396 0.002809 0.002099
0 1.091819 0.226213 0.010183 0.004664
0 0.740520 0.236474 0.024579 0.025187
0 0.687149 0.225863 0.004213 0.004431
0 1.031426 0.227379 0.008076 0.008396
0 0.913448 0.233209 0.042486 0.020056
0 1.111306 0.223531 0.006320 0.004431
0 0.941713 0.222248 0.004213 0.001866
0 0.919593 0.225047 0.020365 0.009795
0 0.782654 0.222715 0.009129 0.005131
0 0.677142 0.223298 0.006671 0.006763
0 0.827774 0.220616 0.003160 0.002332
0 0.988588 0.220849 0.005969 0.003265
0 0.893610 0.222132 0.011938 0.007229
0 0.681531 0.220382 0.003511 0.003731
0 0.822858 0.225979 0.038272 0.015392
0 0.657479 0.228078 0.020014 0.019590
0 1.169417 0.220033 0.004565 0.004897
0 0.670997 0.220266 0.008427 0.005830
0 0.836728 0.218633 0.004916 0.004431
0 0.990520 0.216651 0.004916 0.002332
0 0.751404 0.221432 0.020365 0.014226
0 0.673806 0.214552 0.005618 0.001866
0 0.690660 0.215602 0.007022 0.006297
0 0.665730 0.214785 0.003511 0.005131
0 0.900456 0.210121 0.003862 0.002332
0 0.771945 0.210121 0.003160 0.003265
0 0.982619 0.209072 0.002458 0.003032
0 0.695751 0.208722 0.003862 0.004198
0 0.996840 0.207673 0.003511 0.003032
0 0.834270 0.209188 0.011938 0.007463
0 0.687851 0.207206 0.004916 0.003965
0 0.890274 0.206856 0.010885 0.009328
0 0.982619 0.203242 0.006671 0.003498
0 1.046699 0.202425 0.003511 0.002332
0 1.034586 0.202425 0.008076 0.004664
0 0.904319 0.201726 0.009480 0.004664
0 0.989993 0.199743 0.004565 0.003498
0 0.780197 0.209072 0.033006 0.022155
0 0.920119 0.208372 0.035463 0.022621
0 0.883076 0.199510 0.010534 0.007696
0 1.026861 0.196828 0.003862 0.002799
0 0.911868 0.194613 0.007725 0.005364
0 0.929073 0.196712 0.017556 0.012360
0 0.872893 0.190765 0.004213 0.002799
0 0.946278 0.194030 0.008427 0.011194
0 1.039677 0.186334 0.009831 0.003731
0 0.888869 0.185751 0.009480 0.007696
0 0.947331 0.183652 0.008427 0.003965
0 0.907479 0.181203 0.006671 0.004664
0 0.921173 0.182253 0.012992 0.007229
0 0.981390 0.182603 0.015449 0.011194
0 0.888694 0.178521 0.007725 0.004897
0 0.963132 0.176423 0.004213 0.004897
0 0.902739 0.175606 0.005618 0.005597
0 0.897121 0.171758 0.004213 0.003032
0 0.923982 0.168027 0.008778 0.005830
0 0.890274 0.166744 0.005969 0.006530
0 0.977001 0.165578 0.010183 0.006063
0 0.940485 0.163479 0.004565 0.002332
0 0.969277 0.161964 0.003862 0.003032
0 0.910112 0.164062 0.018258 0.007229
0 0.975772 0.161147 0.004213 0.002332
0 0.986482 0.158932 0.005969 0.003965
0 0.902388 0.153568 0.005618 0.003965
0 0.988413 0.153335 0.002809 0.003965
0 0.980162 0.153218 0.004565 0.003731
0 0.982093 0.149837 0.002107 0.002565
0 0.933287 0.149487 0.009831 0.008396
0 0.969979 0.146339 0.010183 0.007229
0 0.902739 0.141908 0.003511 0.003498
0 0.920119 0.141325 0.003160 0.003265
0 0.923806 0.137243 0.005618 0.002099
0 0.944347 0.135494 0.019312 0.021922
0 0.808111 0.066231 0.008778 0.005597
0 0.799508 0.057836 0.007022 0.007463
0 0.812500 0.057020 0.017556 0.010028
0 1.107971 0.049674 0.010183 0.005131
0 0.668013 0.026819 0.003862 0.004664
0 0.624473 0.020056 0.007374 0.004664
