0 0.423982 0.633512 0.005969 0.004431
0 0.498771 0.588270 0.004565 0.003965
0 0.464888 0.579757 0.003511 0.005597
0 0.491749 0.576842 0.003160 0.003498
0 0.656074 0.576609 0.003160 0.004431
0 0.487535 0.577192 0.004565 0.006063
0 0.553546 0.574277 0.005267 0.003032
0 0.457514 0.575093 0.007022 0.005597
0 0.654846 0.571945 0.004916 0.002565
0 0.675562 0.570079 0.003511 0.002099
0 0.617802 0.565998 0.004565 0.003265
0 0.609375 0.562383 0.005267 0.003032
0 0.466292 0.558769 0.003511 0.002332
0 0.597086 0.557952 0.002458 0.002099
0 0.456461 0.550023 0.002809 0.002099
0 0.481039 0.525303 0.004213 0.003032
0 0.614466 0.481227 0.002107 0.003032
0 0.571454 0.476213 0.003862 0.005131
0 0.629740 0.449977 0.002458 0.001632
0 0.566538 0.450560 0.012289 0.005131
0 0.586903 0.446595 0.002458 0.002332
0 0.622542 0.445196 0.002809 0.002332
0 0.626229 0.443913 0.002458 0.002099
0 0.564607 0.444263 0.004213 0.002799
0 0.588483 0.443097 0.002107 0.002799
0 0.624824 0.441465 0.002458 0.001866
0 0.630969 0.441698 0.003511 0.002799
0 0.534586 0.440182 0.001756 0.001166
0 0.563729 0.440532 0.003160 0.002799
0 0.592697 0.440065 0.002809 0.002799
0 0.571629 0.439715 0.002809 0.002099
0 0.588659 0.438549 0.002458 0.001166
0 0.629565 0.437966 0.004916 0.002799
0 0.574438 0.437500 0.003511 0.002332
0 0.585499 0.436451 0.004565 0.003498
0 0.558638 0.435634 0.003511 0.002332
0 0.539853 0.436334 0.005267 0.004198
0 0.578476 0.433769 0.005969 0.003265
0 0.533181 0.431786 0.003160 0.002565
0 0.541257 0.431203 0.003160 0.003265
0 0.548455 0.429571 0.002107 0.002332
0 0.565485 0.429338 0.002458 0.002332
0 0.584270 0.428871 0.004916 0.002799
0 0.711376 0.428521 0.004213 0.002565
0 0.670119 0.428055 0.003160 0.003032
0 0.573736 0.424557 0.002809 0.002565
0 0.777212 0.422575 0.003862 0.002332
0 0.737886 0.422458 0.002458 0.002565
0 0.616924 0.423158 0.009129 0.007229
0 0.515449 0.421758 0.006320 0.004431
0 0.746313 0.419893 0.008076 0.003498
0 0.561271 0.427589 0.034761 0.021222
0 0.582514 0.418027 0.003511 0.002565
0 0.522296 0.415462 0.003862 0.002099
0 0.554775 0.403102 0.002107 0.002099
0 0.470506 0.375583 0.001404 0.001166
0 0.544066 0.372551 0.002458 0.001632
0 0.482795 0.372551 0.001404 0.001632
0 0.412044 0.369286 0.002458 0.002099
0 0.464185 0.344100 0.003511 0.002565
0 0.486306 0.275653 0.002809 0.001399
0 0.445049 0.270056 0.002458 0.001399
0 0.479284 0.240089 0.004213 0.002565
0 0.481215 0.234492 0.003862 0.002099
0 0.442591 0.193680 0.005267 0.003032
0 1.066011 0.185401 0.007022 0.005597
0 0.675386 0.185401 0.011587 0.009328
0 0.441538 0.180387 0.005267 0.003965
0 1.039677 0.179571 0.008427 0.005597
0 0.943820 0.171175 0.006320 0.004198
0 0.944698 0.166744 0.004565 0.002332
0 0.916959 0.148787 0.003160 0.002332
0 0.928897 0.142024 0.005267 0.003265
0 0.280197 0.089785 0.004213 0.004664
