0 0.650983 0.606926 0.004213 0.003032
0 0.659235 0.603428 0.003862 0.004431
0 0.645190 0.598414 0.002458 0.002799
0 0.616222 0.597948 0.006320 0.005131
0 0.647472 0.577076 0.004213 0.004431
0 0.445751 0.570779 0.015801 0.007696
0 0.439431 0.567281 0.002458 0.001632
0 0.417486 0.563200 0.002809 0.001866
0 0.429424 0.561101 0.004916 0.001866
0 0.512465 0.562383 0.005267 0.004897
0 0.520541 0.561684 0.006671 0.004431
0 0.472086 0.564599 0.015801 0.010261
0 0.450843 0.557603 0.004213 0.001866
0 0.408532 0.557253 0.006671 0.003032
0 0.493680 0.562150 0.030197 0.014226
0 0.500702 0.555504 0.003511 0.002332
0 0.476826 0.555037 0.004916 0.001866
0 0.436798 0.555154 0.004213 0.002565
0 0.609726 0.554454 0.004565 0.003965
0 0.443294 0.552705 0.003160 0.001866
0 0.504389 0.550723 0.003862 0.002565
0 0.436798 0.550606 0.002809 0.002332
0 0.437149 0.546875 0.002809 0.001399
0 0.421524 0.553521 0.018610 0.015159
0 0.401510 0.549557 0.008076 0.008629
0 0.500702 0.541511 0.002107 0.001866
0 0.422753 0.542327 0.003511 0.003965
0 0.428371 0.541161 0.007022 0.004897
0 0.458919 0.536031 0.002809 0.001632
0 0.454529 0.535098 0.002458 0.001632
0 0.458041 0.532882 0.003160 0.001866
0 0.422051 0.534748 0.013343 0.006063
0 0.410990 0.534398 0.006671 0.006297
0 0.396770 0.535215 0.019663 0.010261
0 0.464537 0.530201 0.002107 0.001166
0 0.568645 0.531250 0.005267 0.003731
0 0.384831 0.527402 0.010534 0.004431
0 0.394136 0.525653 0.004565 0.002332
0 0.405899 0.525770 0.003511 0.003032
0 0.484375 0.526702 0.004565 0.006763
0 0.591643 0.524837 0.007725 0.004431
0 0.401685 0.523554 0.004213 0.002799
0 0.337079 0.522038 0.005618 0.002565
0 0.383603 0.521455 0.004565 0.001866
0 0.375878 0.521455 0.002458 0.001866
0 0.451369 0.520406 0.002458 0.001632
0 0.359375 0.520406 0.002458 0.001632
0 0.502107 0.520872 0.007022 0.003965
0 0.334972 0.519473 0.003511 0.002099
0 0.415730 0.519123 0.004213 0.002332
0 0.382900 0.518657 0.003160 0.001866
0 0.410990 0.516208 0.003160 0.002099
0 0.390976 0.513993 0.003160 0.002332
0 0.414501 0.512710 0.004565 0.002565
0 0.401685 0.512243 0.003511 0.002099
0 1.207514 0.512127 0.004916 0.002799
0 0.397472 0.506413 0.004213 0.003032
0 0.341292 0.510961 0.028792 0.015858
0 1.212956 0.503731 0.006671 0.005131
0 0.365344 0.503498 0.005969 0.005131
0 0.372718 0.500933 0.003862 0.002332
0 1.189080 0.500933 0.009480 0.005131
0 1.207514 0.499883 0.004916 0.003965
0 0.636060 0.497668 0.008076 0.006996
0 0.362886 0.493470 0.008778 0.004664
0 0.364642 0.488806 0.001756 0.001866
0 0.606215 0.503498 0.029846 0.031716
0 0.545997 0.487407 0.002809 0.001866
0 0.380091 0.486124 0.003862 0.002099
0 0.371489 0.485541 0.002809 0.002332
0 0.554951 0.485191 0.003160 0.003965
0 0.539501 0.485424 0.004565 0.005830
0 0.638343 0.486007 0.016152 0.008396
0 0.543013 0.481460 0.005267 0.003498
0 1.204529 0.479128 0.005267 0.003032
0 0.387816 0.476329 0.003862 0.002565
0 0.371138 0.473181 0.004213 0.002332
0 0.280021 0.470732 0.004565 0.003498
0 0.431180 0.470266 0.007022 0.003965
0 0.366397 0.469916 0.003862 0.003265
0 0.439080 0.469100 0.001756 0.002099
0 0.374824 0.468284 0.003160 0.002799
0 0.621313 0.467234 0.005267 0.002565
0 0.350246 0.465835 0.003160 0.002099
0 1.183111 0.465019 0.005267 0.004664
0 0.602879 0.464319 0.007725 0.006063
0 0.391503 0.462104 0.002809 0.001632
0 0.280548 0.463270 0.002809 0.004431
0 0.324614 0.461754 0.003160 0.001866
0 0.331636 0.460938 0.003160 0.002565
0 0.595154 0.460121 0.004213 0.002332
0 0.340414 0.459538 0.004565 0.004897
0 0.319698 0.458372 0.005267 0.003032
0 0.337079 0.488573 0.090590 0.063899
0 0.350597 0.456856 0.004565 0.002799
0 0.614115 0.460121 0.009831 0.010728
0 0.328125 0.453825 0.003862 0.002799
0 0.343399 0.450326 0.003511 0.001866
0 0.302844 0.448344 0.002458 0.001632
0 0.552142 0.448577 0.007374 0.005830
0 0.329881 0.446129 0.003160 0.002332
0 0.589537 0.446362 0.005618 0.003265
0 0.288975 0.446828 0.005618 0.004664
0 0.273350 0.445546 0.003160 0.002565
0 0.600246 0.444613 0.003862 0.002099
0 0.330583 0.443797 0.002458 0.001866
0 0.558813 0.443214 0.002458 0.001632
0 0.277739 0.441115 0.006320 0.003032
0 0.269487 0.440182 0.003160 0.002565
0 0.320225 0.439482 0.002809 0.002099
0 0.530372 0.438899 0.005267 0.003265
0 0.283181 0.438549 0.003862 0.002565
0 0.267907 0.436800 0.002809 0.002332
0 0.574965 0.438200 0.013694 0.006063
0 0.534937 0.435751 0.002458 0.001632
0 0.523350 0.435868 0.002458 0.002332
0 0.272296 0.435984 0.003160 0.002565
0 0.515801 0.435634 0.005618 0.002332
0 0.281777 0.434585 0.002458 0.001632
0 0.287044 0.434352 0.002458 0.001632
0 0.538272 0.433186 0.003511 0.003965
0 1.102528 0.430854 0.009129 0.002565
0 0.582163 0.430737 0.004916 0.002332
0 0.310569 0.431786 0.009480 0.004897
0 0.527914 0.430154 0.005969 0.003498
0 0.551440 0.429921 0.003160 0.003965
0 1.091292 0.428405 0.005618 0.003731
0 0.394136 0.419660 0.005969 0.004431
0 0.522472 0.417444 0.003511 0.001866
0 0.512816 0.416628 0.003862 0.004431
0 0.493329 0.415695 0.004213 0.003032
0 0.567416 0.414179 0.023174 0.015392
0 0.297226 0.407416 0.003160 0.002799
0 0.595154 0.403801 0.009831 0.008629
0 0.428371 0.397621 0.002107 0.001399
0 0.486833 0.390392 0.002458 0.001866
0 0.446278 0.390159 0.002107 0.002332
0 0.416608 0.389925 0.003160 0.003265
0 0.506671 0.393190 0.028090 0.010728
0 0.407128 0.388876 0.005267 0.002099
0 0.435393 0.386544 0.002809 0.001632
0 0.563202 0.394356 0.022472 0.021922
0 0.429951 0.388643 0.014396 0.012360
0 0.524579 0.383512 0.007725 0.005364
0 0.347963 0.382113 0.004213 0.003032
0 0.502809 0.385961 0.024579 0.011660
0 0.517556 0.380247 0.004213 0.002565
0 0.499473 0.377682 0.003160 0.002099
0 0.539677 0.387710 0.026685 0.023554
0 0.446980 0.376982 0.004916 0.002099
0 0.561271 0.380014 0.008778 0.008629
0 0.504038 0.376866 0.004565 0.005131
0 0.499824 0.374184 0.003160 0.002565
0 0.397823 0.371735 0.002809 0.001866
0 0.504916 0.371735 0.004213 0.002332
0 0.442591 0.371152 0.003160 0.003032
0 0.514923 0.371385 0.007374 0.003965
0 0.448385 0.371269 0.006320 0.004198
0 0.424508 0.369869 0.005618 0.003265
0 0.398350 0.368470 0.003160 0.002332
0 0.436271 0.366954 0.003862 0.001166
0 0.391854 0.366488 0.003511 0.003032
0 0.458041 0.365788 0.003160 0.002565
0 0.496313 0.365205 0.003160 0.002332
0 0.490344 0.365672 0.006671 0.004664
0 0.483497 0.364272 0.002107 0.002332
0 0.693820 0.360658 0.010534 0.003032
0 0.705758 0.362640 0.011236 0.007463
0 0.489817 0.361007 0.010534 0.006063
0 0.716117 0.357160 0.002458 0.002099
0 0.681355 0.357509 0.007374 0.002799
0 0.421524 0.363689 0.034059 0.017957
0 0.403792 0.355760 0.004213 0.003032
0 0.720506 0.354944 0.004213 0.002332
0 0.479459 0.355177 0.003160 0.002799
0 0.490871 0.355760 0.004916 0.004431
0 0.473841 0.353895 0.003862 0.002565
0 0.705583 0.351679 0.003862 0.002332
0 0.716819 0.349347 0.004565 0.002799
0 0.549333 0.328125 0.003862 0.002799
0 0.563904 0.324510 0.003511 0.002565
0 0.570751 0.321595 0.004565 0.003265
0 0.383427 0.321945 0.007022 0.003965
0 0.576194 0.316348 0.014045 0.010028
0 0.593399 0.299440 0.006320 0.002332
0 0.517381 0.298974 0.003862 0.002799
0 0.560569 0.298741 0.004565 0.003731
0 0.602001 0.296875 0.002458 0.002332
0 0.437676 0.295592 0.005969 0.002565
0 0.593048 0.295476 0.004916 0.004198
0 0.596559 0.292327 0.003511 0.002565
0 0.625527 0.294660 0.011587 0.007696
0 0.402563 0.293727 0.010885 0.006763
0 0.570751 0.289879 0.003160 0.002332
0 0.685393 0.292327 0.006320 0.007696
0 0.438378 0.288829 0.003862 0.003032
0 0.546348 0.288013 0.002809 0.001866
0 0.515274 0.287547 0.004565 0.002332
0 0.490344 0.288596 0.007374 0.008162
0 0.448560 0.286264 0.006671 0.003965
0 0.636587 0.284282 0.004213 0.002332
0 0.568820 0.282766 0.002809 0.002099
0 0.435218 0.282416 0.003862 0.001399
0 0.596735 0.282649 0.004565 0.003265
0 0.307760 0.282416 0.008076 0.002799
0 0.517029 0.281483 0.004565 0.002332
0 0.510709 0.281600 0.004565 0.002565
0 0.617275 0.285331 0.018258 0.010961
0 0.539326 0.293260 0.036517 0.028218
0 0.633076 0.279967 0.003511 0.002099
0 0.625527 0.280900 0.006671 0.004897
0 0.548631 0.278335 0.002458 0.001166
0 0.445049 0.278801 0.003862 0.002565
0 0.646419 0.282649 0.009831 0.011660
0 0.684340 0.277285 0.003511 0.002332
0 0.678897 0.279035 0.005267 0.006297
0 0.524228 0.277052 0.004916 0.002332
0 0.535990 0.276702 0.005267 0.003032
0 0.609902 0.276236 0.005618 0.003498
0 0.458392 0.277169 0.009480 0.007229
0 0.579003 0.274837 0.003511 0.003032
0 0.676264 0.273787 0.003511 0.001399
0 0.515449 0.275770 0.007725 0.005364
0 0.555126 0.274953 0.004213 0.004198
0 0.540906 0.273671 0.003862 0.002565
0 0.611482 0.272971 0.003160 0.002099
0 0.567240 0.275886 0.011587 0.007929
0 0.517907 0.270872 0.009129 0.003965
0 0.457163 0.270056 0.003511 0.002799
0 0.601299 0.272038 0.011587 0.010028
0 0.394838 0.268540 0.003862 0.003032
0 0.618153 0.268074 0.005969 0.003032
0 0.553722 0.269007 0.005618 0.005364
0 0.588308 0.267607 0.003862 0.003965
0 0.646419 0.266791 0.003511 0.002799
0 0.545997 0.267024 0.009129 0.007929
0 0.289853 0.266908 0.008778 0.007696
0 0.486833 0.272971 0.028441 0.020756
0 0.644312 0.269706 0.029494 0.016091
0 0.613062 0.262360 0.003511 0.002332
0 0.599719 0.261777 0.002809 0.001632
0 0.450140 0.262010 0.003511 0.002099
0 0.553371 0.262010 0.004213 0.002565
0 0.582163 0.261427 0.002809 0.001866
0 0.575492 0.261544 0.006320 0.002565
0 0.387640 0.261660 0.004213 0.003265
0 0.302317 0.259911 0.002809 0.001632
0 0.545646 0.260261 0.007725 0.005131
0 0.469803 0.258745 0.007725 0.002565
0 0.459270 0.261427 0.009831 0.008862
0 0.501229 0.256996 0.002458 0.001399
0 0.562500 0.263876 0.013343 0.016091
0 0.552669 0.257696 0.007022 0.004198
0 0.385709 0.256763 0.003862 0.002332
0 0.567416 0.256297 0.004213 0.002799
0 0.488413 0.254664 0.003511 0.001866
0 0.320049 0.252915 0.004565 0.003032
0 0.445751 0.253731 0.004565 0.005131
0 0.664150 0.252099 0.003862 0.002799
0 0.325667 0.251632 0.003862 0.003265
0 0.388167 0.252799 0.008778 0.006063
0 0.477879 0.250700 0.003511 0.002799
0 0.466643 0.251516 0.007022 0.007229
0 0.425562 0.249767 0.006320 0.005597
0 0.539853 0.247551 0.003160 0.002099
0 0.444347 0.245336 0.005267 0.002799
0 0.451896 0.245452 0.007725 0.004431
0 0.491924 0.247901 0.014045 0.010261
0 0.466292 0.243470 0.003511 0.002332
0 0.476299 0.243004 0.003862 0.002799
0 0.526159 0.244636 0.009480 0.007929
0 0.534410 0.242654 0.004213 0.007229
0 0.679073 0.242188 0.013343 0.008629
0 0.467170 0.237990 0.006671 0.002565
0 0.500878 0.238806 0.005267 0.007463
0 0.468223 0.233559 0.002458 0.001166
0 0.422402 0.233675 0.002107 0.001866
0 0.652739 0.233326 0.002809 0.002099
0 0.461903 0.233209 0.003160 0.002332
0 0.401685 0.233442 0.004213 0.003265
0 0.439607 0.235658 0.007022 0.008162
0 0.674684 0.232509 0.004565 0.003265
0 0.360253 0.232743 0.003511 0.003731
0 0.501931 0.230993 0.003160 0.002565
0 0.332514 0.232626 0.006320 0.006297
0 0.447683 0.230177 0.002107 0.002332
0 0.323209 0.233909 0.008778 0.009795
0 0.473666 0.229244 0.002107 0.000933
0 0.669242 0.228545 0.004916 0.002799
0 0.494558 0.230644 0.007374 0.008396
0 0.441362 0.228195 0.005618 0.003498
0 0.614291 0.227495 0.004565 0.003032
0 0.480864 0.227962 0.003862 0.003965
0 0.424684 0.228195 0.005969 0.004897
0 0.420471 0.234841 0.029143 0.022388
0 0.451896 0.223997 0.003511 0.002565
0 0.461025 0.222715 0.002809 0.002332
0 0.483497 0.223181 0.004213 0.004664
0 0.548104 0.221549 0.005618 0.002332
0 0.444698 0.222248 0.008076 0.005131
0 0.388869 0.222481 0.010183 0.007463
0 0.461903 0.219566 0.003160 0.002099
0 0.675737 0.220499 0.005267 0.004431
0 0.476124 0.219333 0.003511 0.002099
0 0.514572 0.218750 0.003862 0.002332
0 0.381847 0.218867 0.003862 0.003498
0 0.501229 0.218050 0.003160 0.002332
0 0.538272 0.217467 0.002809 0.002099
0 0.493504 0.217467 0.003160 0.002099
0 0.455583 0.217584 0.010183 0.005597
0 0.404319 0.214319 0.001756 0.000933
0 0.530197 0.214552 0.003511 0.002332
0 0.534761 0.213503 0.002107 0.001632
0 0.462430 0.213853 0.002809 0.002799
0 0.544593 0.213386 0.004916 0.002799
0 0.517907 0.211870 0.004213 0.003032
0 0.477353 0.211404 0.006671 0.004431
0 0.698209 0.210588 0.008778 0.005597
0 0.455934 0.210238 0.006671 0.006297
0 0.425737 0.208256 0.003862 0.002332
0 0.470330 0.210121 0.005969 0.006530
0 0.663097 0.206740 0.003862 0.002565
0 0.492100 0.211637 0.018610 0.012360
0 0.464010 0.206157 0.003160 0.002799
0 0.718750 0.206040 0.004213 0.003032
0 0.434340 0.211987 0.031601 0.015858
0 0.668539 0.204408 0.003511 0.002565
0 0.458919 0.202659 0.004213 0.002799
0 0.495962 0.202309 0.003862 0.003032
0 0.451369 0.201726 0.003160 0.003265
0 0.437851 0.196945 0.004916 0.003032
0 0.446103 0.196595 0.003160 0.002799
0 0.484726 0.195896 0.008778 0.006996
0 0.507198 0.192980 0.003862 0.003498
0 0.470681 0.200560 0.020716 0.020056
0 0.544944 0.191814 0.007725 0.004431
0 0.654494 0.191348 0.006320 0.004431
0 0.536166 0.188783 0.005618 0.003965
0 0.471735 0.187500 0.003160 0.002332
0 0.555126 0.186800 0.004916 0.003265
0 0.688729 0.187150 0.012992 0.007229
0 0.487711 0.184352 0.005618 0.002565
0 0.568820 0.181786 0.006320 0.002565
0 0.683813 0.181903 0.003862 0.004198
0 0.670997 0.183885 0.019663 0.013759
0 0.444347 0.186567 0.031952 0.023321
0 0.458567 0.175956 0.004213 0.002565
0 0.657479 0.175840 0.008076 0.003731
0 0.568645 0.175606 0.003160 0.003265
0 0.546524 0.176656 0.004565 0.005364
0 0.500878 0.173974 0.003160 0.002332
0 0.558111 0.173741 0.005267 0.003731
0 0.595330 0.172575 0.003862 0.003265
0 0.512465 0.172108 0.003160 0.003265
0 0.437149 0.172808 0.010534 0.004664
0 0.578476 0.167910 0.005969 0.003731
0 0.629740 0.167211 0.003160 0.002799
0 0.564958 0.168144 0.007022 0.004664
0 0.559340 0.166744 0.004916 0.001866
0 0.473315 0.167211 0.004213 0.002799
0 0.588659 0.167444 0.010183 0.004198
0 0.648525 0.169893 0.023174 0.010961
0 0.452774 0.165812 0.005969 0.005131
0 0.603055 0.165345 0.007374 0.004664
0 0.487886 0.165695 0.010885 0.005364
0 0.461025 0.164995 0.005618 0.003965
0 0.638869 0.164412 0.007374 0.004664
0 0.616924 0.163479 0.002809 0.003265
0 0.591468 0.163130 0.003160 0.002565
0 0.613940 0.160215 0.003160 0.001866
0 0.427317 0.162313 0.011236 0.009328
0 0.603933 0.158465 0.004916 0.003498
0 0.551440 0.159398 0.011587 0.007229
0 0.480162 0.154851 0.007374 0.005131
0 0.572331 0.158465 0.022472 0.013759
0 0.643083 0.151702 0.005969 0.003965
0 0.632022 0.152169 0.009129 0.005364
0 0.462079 0.155317 0.009831 0.012593
0 0.514045 0.150886 0.006320 0.005597
0 0.600772 0.147038 0.004916 0.003965
0 0.452598 0.152985 0.014747 0.015858
0 0.437500 0.154035 0.015449 0.017957
0 0.652388 0.146455 0.007725 0.006530
0 0.668188 0.138526 0.005618 0.004664
0 0.582690 0.138643 0.009480 0.005830
0 0.499824 0.137593 0.004565 0.003731
0 0.466468 0.144706 0.018610 0.017957
0 0.548631 0.141674 0.056531 0.024021
0 0.622542 0.130364 0.010534 0.007929
0 0.507725 0.130597 0.009831 0.011194
0 0.645541 0.126866 0.007374 0.004664
0 0.630794 0.122435 0.007374 0.008396
0 0.596208 0.118237 0.006320 0.010261
0 0.557233 0.118820 0.009129 0.015159
0 0.741397 0.061451 0.005969 0.004897
0 0.717872 0.059935 0.008076 0.005597
0 0.688729 0.056203 0.007374 0.005597
0 0.739115 0.052239 0.007725 0.006530
0 0.715765 0.051423 0.007374 0.005364
0 0.665555 0.049090 0.013694 0.009095
0 0.699965 0.046875 0.006671 0.006063
0 0.734199 0.043960 0.008427 0.006763
0 0.682409 0.044193 0.014396 0.010494
0 0.665028 0.029501 0.006320 0.005830
0 0.785639 0.026936 0.007374 0.007696
0 0.666959 0.007812 0.015801 0.008629
