0 0.349719 0.620336 0.007022 0.009795
0 0.375527 0.615905 0.005267 0.003265
0 0.355337 0.615672 0.002809 0.002799
0 0.345330 0.609608 0.003862 0.003731
0 0.380969 0.605877 0.007022 0.009328
0 0.348666 0.599697 0.003511 0.002099
0 0.385358 0.597715 0.004565 0.003265
0 0.336728 0.595616 0.006320 0.003731
0 0.339712 0.590019 0.003862 0.003265
0 0.354108 0.593167 0.011587 0.010028
0 0.378336 0.590019 0.015098 0.009328
0 0.371313 0.585821 0.006671 0.003265
0 0.368504 0.570779 0.003862 0.003032
0 0.349192 0.570312 0.004565 0.002565
0 0.463659 0.558769 0.003160 0.002332
0 0.658532 0.551306 0.007374 0.006530
0 0.344452 0.532066 0.002809 0.002099
0 0.416959 0.510961 0.009480 0.005597
0 0.425913 0.509678 0.003511 0.004897
0 0.433813 0.506763 0.007374 0.006063
0 0.585323 0.501982 0.004213 0.005364
0 0.406250 0.497901 0.003511 0.002332
0 0.413272 0.502332 0.016854 0.012127
0 0.461201 0.496735 0.005267 0.002799
0 0.410112 0.495219 0.004916 0.003498
0 0.439958 0.489506 0.003511 0.003731
0 0.414501 0.488923 0.007374 0.007229
0 0.453125 0.486940 0.015801 0.005131
0 0.401510 0.488689 0.016503 0.010494
0 0.419944 0.484841 0.004916 0.003265
0 0.429249 0.484608 0.008076 0.004664
0 0.426615 0.481926 0.007725 0.004431
0 0.210499 0.479594 0.007374 0.004897
0 0.799860 0.478195 0.004916 0.002565
0 0.397647 0.476562 0.009480 0.005830
0 0.796524 0.474697 0.007374 0.006297
0 0.431004 0.472831 0.005969 0.004431
0 0.454003 0.471549 0.003511 0.002799
0 0.461552 0.473764 0.005969 0.007696
0 0.469101 0.471315 0.007022 0.006530
0 0.439958 0.469333 0.004213 0.002565
0 0.452774 0.465252 0.005267 0.002799
0 0.844803 0.464902 0.005618 0.003498
0 0.429249 0.465368 0.006671 0.004897
0 0.325140 0.464436 0.005618 0.003498
0 0.164501 0.465019 0.003862 0.005597
0 0.465414 0.464552 0.010183 0.005597
0 0.439958 0.462104 0.010534 0.005830
0 0.421348 0.463386 0.025281 0.016791
0 0.172051 0.454991 0.006320 0.004198
0 0.469628 0.456040 0.012289 0.008162
0 0.450843 0.454291 0.004916 0.005131
0 0.225246 0.457206 0.020716 0.016558
0 0.159410 0.453591 0.012640 0.016325
0 0.242802 0.441348 0.003862 0.002565
0 0.347437 0.440648 0.008076 0.003498
0 0.329354 0.439249 0.011236 0.006763
0 0.311798 0.435285 0.004213 0.002099
0 0.357444 0.436217 0.007022 0.005830
0 0.364291 0.432253 0.003862 0.002565
0 0.196103 0.436917 0.017907 0.012360
0 0.328652 0.430504 0.004213 0.001866
0 0.285288 0.429804 0.003862 0.001866
0 0.189431 0.431087 0.004565 0.005364
0 0.237535 0.429221 0.003862 0.003032
0 0.200140 0.425840 0.004916 0.003265
0 0.345857 0.426889 0.016854 0.014226
0 0.316538 0.425490 0.022823 0.013293
0 0.231917 0.415345 0.003862 0.002332
0 0.298982 0.414762 0.002458 0.001632
0 0.287219 0.410798 0.003511 0.002565
0 0.327072 0.410798 0.003862 0.003498
0 0.663624 0.409515 0.003511 0.002799
0 0.309164 0.407416 0.003862 0.002799
0 0.231566 0.406133 0.008076 0.005364
0 0.306706 0.402169 0.003862 0.002099
0 0.552317 0.402519 0.004213 0.003731
0 0.239817 0.402985 0.011236 0.009795
0 0.210147 0.397971 0.008076 0.003498
0 0.287044 0.400187 0.015098 0.008396
0 0.264747 0.397971 0.008427 0.004897
0 0.444698 0.397621 0.009480 0.005131
0 0.308638 0.394123 0.023174 0.010261
0 0.278792 0.388410 0.002107 0.001632
0 0.323912 0.387360 0.003862 0.002799
0 0.312500 0.387360 0.004916 0.002799
0 0.318469 0.385028 0.005618 0.002332
0 0.449789 0.386544 0.017556 0.009095
0 0.330583 0.384095 0.006671 0.006063
0 0.323385 0.381880 0.002809 0.002099
0 0.270190 0.381297 0.022823 0.010728
0 0.251404 0.375933 0.007022 0.003265
0 0.314782 0.375350 0.005267 0.003498
0 0.323736 0.373717 0.011938 0.004431
0 0.263343 0.370802 0.009129 0.003265
0 0.605162 0.370103 0.003160 0.002332
0 0.237008 0.371502 0.010534 0.006530
0 0.650105 0.368004 0.003862 0.002332
0 0.315133 0.367537 0.003862 0.002332
0 0.327247 0.367304 0.007022 0.003731
0 0.318820 0.365322 0.004213 0.002565
0 0.345681 0.360774 0.004565 0.003265
0 0.354635 0.359608 0.004213 0.002332
0 0.574087 0.362407 0.016854 0.009328
0 0.558989 0.357743 0.003511 0.002799
0 0.333567 0.357509 0.004213 0.002799
0 0.548279 0.353428 0.002458 0.002099
0 0.543539 0.353312 0.003511 0.001866
0 0.553020 0.352612 0.002809 0.001866
0 0.225070 0.356227 0.011938 0.011894
0 0.547753 0.349930 0.003511 0.002099
0 0.261060 0.349347 0.004565 0.003265
0 0.552669 0.348298 0.002107 0.001632
0 0.350070 0.349930 0.005618 0.006763
0 0.335850 0.349464 0.017907 0.006763
0 0.607619 0.345499 0.003862 0.003032
0 0.594101 0.345033 0.003511 0.002099
0 0.247367 0.349230 0.012992 0.014226
0 0.540555 0.342351 0.003160 0.001866
0 0.331110 0.338270 0.014747 0.006297
0 0.545822 0.334422 0.003160 0.002332
0 0.254038 0.339202 0.017907 0.014692
0 0.352353 0.339202 0.027037 0.018890
0 0.506847 0.329874 0.004565 0.002565
0 0.239817 0.330807 0.007725 0.006763
0 0.529319 0.327775 0.003862 0.002565
0 0.130091 0.328008 0.003862 0.003498
0 0.327949 0.324277 0.016854 0.004897
0 0.310569 0.323344 0.008778 0.009562
0 0.263167 0.318797 0.006671 0.003265
0 0.258603 0.315765 0.003862 0.001866
0 0.271594 0.316465 0.010885 0.004198
0 0.563904 0.314132 0.004916 0.003265
0 0.320751 0.315182 0.008778 0.005364
0 0.491046 0.314949 0.003862 0.005364
0 0.567240 0.310518 0.003862 0.002565
0 0.534761 0.309235 0.006320 0.005597
0 0.563202 0.307719 0.004213 0.003498
0 0.387289 0.309352 0.014045 0.007229
0 0.246489 0.306786 0.010534 0.005364
0 0.642029 0.303638 0.003862 0.002799
0 0.571278 0.305737 0.012640 0.008396
0 0.513518 0.303405 0.007374 0.006996
0 0.554951 0.306670 0.010885 0.014925
0 0.580056 0.299440 0.007725 0.007463
0 0.596559 0.297808 0.005618 0.005131
0 0.543890 0.299557 0.014747 0.008629
0 0.502809 0.295359 0.012640 0.014692
0 0.356742 0.304338 0.037921 0.033582
0 0.352704 0.286147 0.008778 0.006063
0 0.272472 0.288130 0.030197 0.010961
0 0.342872 0.284981 0.005969 0.006063
0 0.293890 0.283699 0.009129 0.003965
0 0.366749 0.283699 0.008076 0.004897
0 0.519838 0.282766 0.005267 0.004431
0 0.706987 0.281833 0.004565 0.004431
0 0.351124 0.276003 0.004916 0.003032
0 0.237535 0.273554 0.003160 0.002332
0 0.577247 0.273904 0.016152 0.010961
0 0.539150 0.269706 0.012992 0.005830
0 0.689256 0.261194 0.005618 0.004198
0 0.581461 0.262360 0.007725 0.006530
0 0.573560 0.250816 0.007374 0.003498
0 0.502809 0.247668 0.006320 0.005597
0 0.589712 0.251982 0.016503 0.015625
0 0.515976 0.244286 0.008778 0.005364
0 0.493855 0.244753 0.010183 0.006297
0 0.570400 0.244170 0.008076 0.006530
0 0.538272 0.239272 0.004916 0.004198
0 0.486657 0.238689 0.009129 0.006763
0 0.528968 0.236940 0.010885 0.006530
0 0.474192 0.237057 0.008778 0.006763
0 0.617100 0.228195 0.006671 0.005364
0 0.535288 0.226096 0.010885 0.008162
0 0.615520 0.219799 0.011938 0.004897
0 0.318996 0.201959 0.015098 0.016325
0 0.284059 0.189832 0.004213 0.004664
0 0.296699 0.196129 0.035815 0.019590
0 0.375176 0.187383 0.003862 0.002565
0 0.267556 0.183419 0.010534 0.006763
0 0.214888 0.178172 0.006320 0.005597
0 0.322331 0.174324 0.007725 0.004897
0 0.214010 0.166978 0.008778 0.005597
0 0.286341 0.170243 0.028441 0.015858
0 0.306531 0.166861 0.007022 0.010961
0 0.266854 0.163713 0.005618 0.005597
0 1.214185 0.160564 0.004916 0.003965
0 1.182760 0.154967 0.005969 0.002565
0 1.196278 0.149254 0.004916 0.004664
0 1.219277 0.149021 0.011587 0.006063
0 1.229459 0.141091 0.003160 0.002332
0 1.192416 0.137826 0.007725 0.003731
0 1.205934 0.133979 0.004565 0.003032
0 0.901510 0.050723 0.010183 0.004897
0 0.910112 0.039995 0.007022 0.005364
0 0.901861 0.035448 0.009480 0.006530
0 1.033357 0.024837 0.012640 0.003965
0 0.761236 0.022971 0.007725 0.005364
0 0.918188 0.018657 0.013343 0.012593
0 0.906952 0.014459 0.004213 0.004198
0 0.653441 0.012710 0.006320 0.004431
0 1.051615 0.013176 0.010534 0.008629
0 0.886587 0.014925 0.018961 0.013526
0 0.634831 0.009445 0.010534 0.007229
0 0.995260 0.008629 0.012289 0.008396
0 0.649403 0.002449 0.008076 0.003965
0 0.612711 0.002682 0.007725 0.004897
0 0.633954 0.002215 0.006671 0.004431
