0 0.811096 0.659748 0.002809 0.001866
0 0.716117 0.659632 0.003160 0.002099
0 0.799684 0.657533 0.005267 0.002099
0 0.807760 0.657649 0.005969 0.002799
0 0.768434 0.657649 0.003160 0.002799
0 0.704178 0.655784 0.005969 0.003731
0 0.798631 0.651236 0.008778 0.003965
0 0.810393 0.649720 0.002809 0.002332
0 0.665028 0.649837 0.006320 0.003498
0 0.730513 0.649604 0.005267 0.003498
0 0.804775 0.648904 0.002809 0.002565
0 0.799684 0.647854 0.004565 0.002799
0 0.725421 0.644823 0.004916 0.004198
0 0.790204 0.643190 0.005267 0.002799
0 0.741397 0.642840 0.003160 0.002099
0 0.786868 0.639809 0.004213 0.003032
0 0.773701 0.640508 0.003862 0.005830
0 0.782303 0.633396 0.002809 0.002332
0 0.799684 0.626283 0.008778 0.003032
0 0.803897 0.622318 0.003160 0.002565
0 0.353230 0.579291 0.004213 0.005131
0 0.252633 0.552822 0.008076 0.005830
0 1.188904 0.547108 0.011236 0.008862
0 1.154670 0.498484 0.005969 0.004897
0 1.127985 0.496852 0.004565 0.003498
0 1.138167 0.497085 0.007374 0.005364
0 1.199263 0.469333 0.012992 0.013293
0 1.260885 0.454058 0.004916 0.004198
0 1.164677 0.442864 0.003511 0.003265
0 1.240695 0.442281 0.005969 0.005364
0 1.229986 0.440882 0.003511 0.003032
0 1.117802 0.441115 0.008778 0.006297
0 1.198034 0.438316 0.009831 0.003498
0 1.233322 0.435285 0.010183 0.004897
0 1.270190 0.432952 0.002458 0.001632
0 1.057233 0.431903 0.011938 0.003265
0 1.271243 0.429221 0.002458 0.001632
0 0.553020 0.427472 0.003511 0.003265
0 1.195225 0.427589 0.009129 0.004897
0 0.395014 0.426073 0.003511 0.004198
0 1.146419 0.423857 0.007725 0.003965
0 0.558989 0.414412 0.003511 0.005131
0 1.047753 0.414412 0.011236 0.006996
0 1.165730 0.410098 0.005618 0.003498
0 0.256496 0.406716 0.005267 0.002799
0 0.268434 0.405084 0.003862 0.004664
0 0.293890 0.401936 0.003511 0.002565
0 0.427142 0.403218 0.012289 0.007929
0 0.559515 0.401236 0.008076 0.005364
0 0.440309 0.403102 0.011938 0.010028
0 0.300211 0.398204 0.002809 0.003965
0 0.281601 0.398204 0.004213 0.003965
0 0.287570 0.396572 0.004916 0.003032
0 0.305126 0.396688 0.003511 0.004664
0 0.443996 0.395056 0.003160 0.003731
0 0.300035 0.393773 0.003862 0.003032
0 1.064782 0.384795 0.005267 0.003265
0 0.463483 0.384678 0.005618 0.003965
0 0.286517 0.385028 0.009129 0.005597
0 0.475948 0.380131 0.003862 0.003265
0 0.317240 0.380480 0.005267 0.003965
0 0.232444 0.379314 0.004213 0.004897
0 1.070751 0.373251 0.005969 0.002565
0 0.470681 0.352262 0.005969 0.003032
