0 0.448736 0.648787 0.011938 0.004664
0 0.353406 0.597948 0.005267 0.003731
0 0.356917 0.480294 0.004565 0.003498
0 0.607093 0.478195 0.004916 0.005830
0 0.617451 0.471432 0.004565 0.003032
0 0.603406 0.453358 0.001756 0.001399
0 0.617275 0.453941 0.006320 0.004897
0 0.625351 0.428172 0.003511 0.002332
0 0.637992 0.422341 0.004213 0.002332
0 0.608848 0.422225 0.004213 0.002565
0 0.614993 0.379198 0.003160 0.001866
0 0.616046 0.373134 0.007374 0.005131
0 0.626404 0.368937 0.004213 0.002332
0 0.274403 0.343867 0.010885 0.005364
0 0.287746 0.340718 0.003862 0.003731
0 0.223666 0.337104 0.010534 0.003032
0 0.231917 0.333955 0.002458 0.002332
0 0.281601 0.332206 0.003511 0.003032
0 0.389923 0.332789 0.009480 0.005131
0 0.287219 0.330924 0.004916 0.002799
0 0.275105 0.330340 0.005969 0.003965
0 0.229986 0.329174 0.004213 0.002099
0 0.245611 0.323577 0.005267 0.001632
0 0.377985 0.323577 0.010183 0.005830
0 0.284059 0.322062 0.012640 0.005597
0 0.585323 0.320662 0.004213 0.003731
0 0.237711 0.319496 0.002809 0.001866
0 0.219101 0.323577 0.012640 0.015625
0 0.365695 0.315415 0.008778 0.006297
0 0.232971 0.314016 0.006671 0.005364
0 0.824263 0.312267 0.007374 0.005597
0 0.600597 0.319496 0.015098 0.022854
0 0.676264 0.308186 0.012640 0.004897
0 0.593048 0.302822 0.016152 0.024487
0 0.682233 0.292910 0.006320 0.006063
0 0.694347 0.287780 0.004565 0.002799
0 0.683287 0.287197 0.002809 0.003498
0 0.637816 0.286031 0.003160 0.001632
0 0.594277 0.284282 0.002458 0.001866
0 0.315133 0.283465 0.003862 0.003498
0 0.657479 0.282416 0.005969 0.003265
0 0.687851 0.282533 0.009831 0.004897
0 0.310920 0.279151 0.003160 0.002332
0 0.668890 0.278918 0.013343 0.006996
0 0.617451 0.276003 0.008778 0.004897
0 0.682760 0.267141 0.003160 0.003965
0 0.646594 0.271922 0.022121 0.019123
0 0.250351 0.260145 0.006320 0.003498
0 0.609199 0.226679 0.002809 0.002332
0 0.610779 0.222248 0.003160 0.002332
0 0.363237 0.071012 0.007374 0.004897
0 0.395365 0.068680 0.006320 0.003498
0 0.371489 0.056903 0.009831 0.004198
