0 1.086201 0.455574 0.005267 0.003498
0 0.743855 0.446595 0.005969 0.003731
0 1.068820 0.429688 0.004213 0.003032
0 0.822507 0.335938 0.012992 0.014226
0 0.761587 0.328708 0.002809 0.002099
0 0.739466 0.321129 0.018961 0.009795
0 0.801088 0.315299 0.003862 0.003265
0 0.761412 0.320196 0.022823 0.019590
0 0.940309 0.306203 0.003511 0.002332
0 0.794944 0.305970 0.002809 0.002799
0 0.910288 0.301423 0.003862 0.003965
0 0.742626 0.305504 0.011938 0.012127
0 0.800211 0.298158 0.002809 0.002099
0 0.670295 0.298857 0.004213 0.003498
0 0.750351 0.297341 0.006320 0.003265
0 0.728581 0.296642 0.004916 0.002799
0 0.703301 0.301073 0.015449 0.011660
0 0.650632 0.293843 0.005618 0.002332
0 0.681706 0.295709 0.012992 0.006996
0 0.693469 0.292094 0.007725 0.006297
0 0.709445 0.291978 0.010183 0.006996
0 0.662044 0.289062 0.008076 0.005364
0 0.638869 0.290345 0.013694 0.009795
0 0.758603 0.282766 0.003160 0.002099
0 0.800913 0.282649 0.003511 0.002799
0 0.725070 0.284748 0.017556 0.014459
0 0.761763 0.276003 0.007374 0.003965
0 0.739115 0.281833 0.019663 0.015625
0 0.622191 0.279151 0.022472 0.013526
0 0.709796 0.275303 0.010885 0.006763
0 0.726650 0.270639 0.003862 0.002099
0 0.608322 0.267257 0.011587 0.006996
0 0.599719 0.261077 0.003511 0.002099
0 0.736833 0.258862 0.003862 0.002332
0 0.684340 0.252449 0.004916 0.004897
0 0.604108 0.241488 0.012992 0.003032
0 0.742626 0.226096 0.006320 0.004431
0 0.609726 0.224230 0.003862 0.002565
0 0.800211 0.222948 0.004916 0.003265
0 0.713308 0.222132 0.003862 0.003498
0 0.725421 0.228895 0.020365 0.019356
0 0.594101 0.219683 0.009831 0.003265
0 0.736131 0.215951 0.005969 0.005597
0 0.596910 0.213036 0.003511 0.002099
0 0.721208 0.210471 0.004213 0.003032
0 0.668188 0.208955 0.009831 0.004664
0 0.740520 0.204524 0.002809 0.001866
0 0.727001 0.202892 0.004565 0.002332
0 0.629213 0.202659 0.002809 0.002332
0 0.621313 0.200326 0.003160 0.002332
0 0.719803 0.200210 0.004916 0.002565
0 0.734024 0.199277 0.003862 0.003032
0 0.709445 0.198811 0.003862 0.003032
0 0.725772 0.195429 0.007725 0.003265
0 0.974544 0.177006 0.003862 0.003265
0 0.862711 0.129897 0.003511 0.003265
0 0.861306 0.122085 0.003511 0.002099
0 0.866397 0.117654 0.003160 0.002565
0 0.530372 0.017374 0.006671 0.004431
