0 0.603230 0.626982 0.002107 0.002099
0 0.699263 0.608326 0.003862 0.003965
0 0.691889 0.596782 0.003862 0.002332
0 0.705232 0.563666 0.005267 0.004664
0 0.713132 0.561334 0.009831 0.004198
0 0.673455 0.559002 0.004213 0.002799
0 0.685393 0.560984 0.014747 0.007229
0 0.413272 0.557136 0.003511 0.002332
0 0.650808 0.551423 0.004565 0.003032
0 0.688027 0.546525 0.006671 0.004431
0 0.670822 0.545592 0.008076 0.005364
0 0.702072 0.546409 0.005969 0.007463
0 0.732619 0.541628 0.003862 0.003032
0 0.655197 0.540928 0.003511 0.002099
0 0.693118 0.539762 0.005618 0.003498
0 0.686096 0.535448 0.011236 0.006063
0 0.734726 0.534282 0.006671 0.005131
0 0.728581 0.532882 0.003511 0.002332
0 0.719979 0.532416 0.008076 0.004198
0 0.645365 0.528918 0.002809 0.002332
0 0.348139 0.523088 0.003862 0.001866
0 0.696980 0.528685 0.012640 0.014459
0 0.343750 0.522505 0.002809 0.003032
0 0.404846 0.521688 0.006320 0.005131
0 0.729459 0.524487 0.014396 0.012127
0 0.710499 0.528918 0.018610 0.023787
0 0.389747 0.518307 0.007022 0.002565
0 0.333567 0.519240 0.007022 0.005364
0 0.690309 0.519007 0.014045 0.007696
0 0.285463 0.516091 0.002809 0.001866
0 0.382198 0.516325 0.005969 0.004198
0 0.350597 0.514809 0.005267 0.003032
0 0.299684 0.513993 0.003862 0.002332
0 0.328301 0.513060 0.005618 0.003731
0 0.389045 0.511544 0.012640 0.005830
0 0.355337 0.510145 0.007725 0.004431
0 0.730688 0.510961 0.013343 0.006530
0 0.367275 0.508745 0.003511 0.002565
0 0.711201 0.512477 0.024228 0.010494
0 0.312676 0.509095 0.005267 0.003731
0 0.712605 0.505947 0.005267 0.003965
0 0.700492 0.503731 0.005618 0.003731
0 0.310042 0.503848 0.007725 0.003965
0 0.321629 0.501399 0.003511 0.002332
0 0.602879 0.501399 0.002809 0.002799
0 0.306882 0.499184 0.007725 0.003498
0 0.684340 0.503731 0.012640 0.013526
0 0.385007 0.496152 0.002458 0.002099
0 0.318118 0.496618 0.007725 0.003498
0 0.317240 0.493354 0.006671 0.002099
0 0.670997 0.492421 0.007725 0.003965
0 0.740871 0.497318 0.025983 0.015159
0 0.397823 0.489156 0.009129 0.006763
0 0.560920 0.483675 0.008076 0.004664
0 0.355513 0.482859 0.004565 0.003498
0 0.328652 0.480644 0.003511 0.002799
0 0.343926 0.482276 0.017205 0.008862
0 0.624649 0.478428 0.003511 0.002099
0 0.551791 0.479128 0.004565 0.003965
0 0.757022 0.477962 0.002809 0.002099
0 0.737886 0.478195 0.003160 0.003032
0 0.686622 0.478661 0.010183 0.003965
0 0.678371 0.477495 0.002809 0.003498
0 0.168013 0.478895 0.008778 0.006763
0 0.741397 0.475047 0.004565 0.001866
0 0.671348 0.475746 0.002809 0.003265
0 0.754565 0.474930 0.003511 0.002099
0 0.357444 0.477146 0.005618 0.006530
0 0.669768 0.473414 0.002458 0.001399
0 0.752633 0.470965 0.004565 0.003032
0 0.687324 0.470149 0.001756 0.001399
0 0.772121 0.470382 0.003511 0.002332
0 0.694522 0.472831 0.009129 0.007696
0 0.791081 0.470033 0.002809 0.003498
0 0.740169 0.471432 0.009129 0.006763
0 0.361306 0.469216 0.003511 0.002332
0 0.685569 0.467351 0.003160 0.002799
0 0.373069 0.467467 0.011587 0.004431
0 0.761060 0.466301 0.003862 0.002565
0 0.526685 0.467234 0.006320 0.005364
0 0.565660 0.465951 0.007725 0.006530
0 0.711728 0.469333 0.021770 0.014226
0 0.748947 0.462337 0.004213 0.003032
0 0.737535 0.464202 0.013694 0.007229
0 0.817416 0.463503 0.009831 0.007696
0 0.726299 0.459655 0.005267 0.002799
0 0.814256 0.459888 0.002809 0.003731
0 0.746138 0.459538 0.003511 0.003032
0 0.678722 0.460938 0.005618 0.006763
0 0.391678 0.459538 0.004565 0.003965
0 0.689431 0.458722 0.003160 0.003731
0 0.827598 0.460821 0.012640 0.012593
0 0.808989 0.454991 0.006320 0.002799
0 0.695225 0.454874 0.005618 0.004897
0 0.958392 0.454641 0.009480 0.005830
0 0.821454 0.454757 0.012289 0.007463
0 0.721208 0.456973 0.016152 0.013293
0 0.687676 0.452659 0.008076 0.005131
0 0.796524 0.454757 0.015801 0.009795
0 0.690309 0.448577 0.002107 0.001166
0 0.549333 0.448694 0.003862 0.002799
0 0.713308 0.447878 0.002458 0.002565
0 0.794066 0.447062 0.003160 0.001866
0 0.916608 0.447878 0.007374 0.004897
0 0.561798 0.446945 0.005618 0.003498
0 0.361657 0.445896 0.003511 0.003731
0 0.895541 0.445079 0.004565 0.003498
0 0.704881 0.450326 0.017205 0.013993
0 0.656601 0.444963 0.003511 0.003265
0 0.737008 0.443330 0.003511 0.003265
0 0.453476 0.442980 0.003160 0.002565
0 0.890625 0.442514 0.003862 0.003965
0 0.751053 0.443913 0.009129 0.006763
0 0.685393 0.441348 0.002107 0.002099
0 0.944522 0.442048 0.010534 0.004431
0 0.937149 0.441231 0.003511 0.003731
0 0.418013 0.441115 0.003862 0.003965
0 0.931531 0.440065 0.004916 0.002799
0 0.863413 0.442281 0.016152 0.007696
0 0.974192 0.439249 0.002458 0.002099
0 0.691889 0.438783 0.001756 0.001632
0 0.878687 0.440532 0.012289 0.008396
0 0.364993 0.437267 0.004565 0.003731
0 0.770716 0.449044 0.033708 0.027752
0 0.399930 0.438666 0.016152 0.008396
0 0.936798 0.435168 0.004213 0.003731
0 0.341292 0.437617 0.010534 0.009095
0 0.840590 0.433535 0.008427 0.004664
0 0.879038 0.431553 0.002458 0.001632
0 0.387816 0.435634 0.006671 0.009795
0 0.875527 0.430154 0.003160 0.002099
0 0.725948 0.439366 0.016503 0.020522
0 0.439431 0.431087 0.008076 0.004897
0 0.596032 0.446595 0.062149 0.037313
0 0.828301 0.429221 0.005618 0.004431
0 0.817942 0.436567 0.033357 0.020056
0 0.793364 0.430271 0.015098 0.007463
0 0.498596 0.428055 0.005618 0.003498
0 0.940660 0.426073 0.004916 0.001866
0 0.907479 0.433769 0.027037 0.017257
0 0.355688 0.427006 0.010534 0.004198
0 0.732444 0.425956 0.004916 0.002565
0 0.711728 0.427822 0.010534 0.006763
0 0.976826 0.424440 0.002809 0.002799
0 0.798279 0.425606 0.012992 0.005597
0 0.715239 0.423741 0.004916 0.002332
0 0.439431 0.423741 0.003160 0.002332
0 0.462079 0.423041 0.003511 0.001399
0 0.675737 0.421992 0.003160 0.002099
0 0.654846 0.421409 0.004916 0.002799
0 0.941187 0.420592 0.003160 0.002099
0 0.887465 0.427122 0.010183 0.015159
0 0.702423 0.423274 0.010183 0.007463
0 0.965941 0.419193 0.002809 0.002565
0 0.839888 0.423274 0.016854 0.012593
0 0.447156 0.418610 0.006671 0.003265
0 0.739466 0.417211 0.004213 0.002799
0 0.506847 0.418727 0.009480 0.005830
0 0.900456 0.418027 0.005267 0.004897
0 0.750351 0.425257 0.026685 0.019356
0 0.857268 0.417677 0.010885 0.005131
0 0.750000 0.416045 0.004213 0.002799
0 0.887640 0.414995 0.002809 0.002565
0 0.928195 0.418960 0.019312 0.012826
0 0.951018 0.415229 0.010183 0.005830
0 0.810920 0.413363 0.003862 0.002099
0 0.480337 0.414296 0.007725 0.003965
0 0.477001 0.413013 0.004565 0.002332
0 0.377458 0.419076 0.013343 0.015392
0 0.933462 0.411847 0.002458 0.001866
0 0.942065 0.412313 0.003511 0.003731
0 0.861131 0.412197 0.003862 0.003498
0 0.473490 0.410798 0.003160 0.003032
0 0.735604 0.410798 0.004916 0.004431
0 0.945751 0.408932 0.002458 0.001632
0 0.870787 0.412430 0.015449 0.011894
0 0.903265 0.409981 0.015098 0.008862
0 0.721910 0.409865 0.018961 0.009095
0 0.637640 0.423507 0.051966 0.037313
0 0.911692 0.405784 0.003862 0.002332
0 0.767907 0.409165 0.012640 0.010494
0 0.427142 0.411031 0.013694 0.014692
0 0.385709 0.404967 0.005969 0.003965
0 0.733497 0.404851 0.007725 0.004198
0 0.414150 0.403685 0.006671 0.004664
0 0.824438 0.413246 0.024579 0.024254
0 0.487535 0.402169 0.003160 0.002565
0 0.406601 0.404501 0.006320 0.007696
0 0.394487 0.406133 0.012992 0.011427
0 0.760885 0.401819 0.004213 0.004198
0 0.894136 0.404035 0.005969 0.009562
0 0.941187 0.400420 0.004565 0.002799
0 0.785815 0.416978 0.047753 0.035914
0 0.498069 0.400187 0.003862 0.002332
0 0.901510 0.400070 0.002458 0.003498
0 0.822858 0.398787 0.003160 0.003265
0 0.627282 0.399604 0.012992 0.005364
0 0.748244 0.402985 0.017556 0.012593
0 0.893785 0.397388 0.002458 0.002799
0 0.957163 0.400536 0.007725 0.009562
0 0.947683 0.397971 0.003511 0.004431
0 0.866924 0.397388 0.004916 0.003265
0 0.853055 0.402285 0.020014 0.013060
0 0.785288 0.396922 0.003160 0.002332
0 0.791784 0.398787 0.007022 0.006530
0 0.762816 0.397038 0.003862 0.003032
0 0.885885 0.395522 0.002107 0.001399
0 0.842170 0.397038 0.006671 0.004431
0 0.769838 0.399720 0.008778 0.010261
0 0.108497 0.397155 0.006320 0.005597
0 0.413975 0.396455 0.007725 0.005131
0 0.525808 0.394590 0.003160 0.001866
0 0.862711 0.393890 0.007725 0.003265
0 0.882022 0.392724 0.002107 0.001866
0 0.422577 0.393773 0.006671 0.004431
0 0.541433 0.392957 0.003511 0.004198
0 0.934164 0.394473 0.010885 0.009562
0 0.881671 0.389809 0.002107 0.001632
0 0.496313 0.389459 0.003160 0.002332
0 0.922753 0.392840 0.014045 0.009562
0 0.905372 0.391441 0.007374 0.007229
0 0.116222 0.389576 0.009831 0.005364
0 0.838659 0.388643 0.009480 0.003965
0 0.450843 0.387943 0.003511 0.003498
0 0.879213 0.387826 0.005618 0.003731
0 0.471208 0.386544 0.004213 0.003965
0 0.792837 0.388759 0.022472 0.010261
0 0.823034 0.389342 0.014045 0.012826
0 0.892556 0.387127 0.018961 0.008862
0 0.457163 0.385844 0.002809 0.006763
0 0.937851 0.383979 0.007022 0.003498
0 0.854459 0.387010 0.010885 0.009562
0 0.554249 0.383396 0.004565 0.002332
0 0.862711 0.383396 0.003511 0.002799
0 0.775983 0.385961 0.007725 0.008396
0 0.926966 0.382346 0.002809 0.002099
0 0.882725 0.381530 0.003511 0.001866
0 0.819522 0.381646 0.004213 0.002099
0 0.808813 0.385844 0.010183 0.010494
0 0.932233 0.381180 0.002809 0.002099
0 0.864115 0.380131 0.002809 0.001866
0 0.890274 0.381063 0.006671 0.004664
0 0.563553 0.379664 0.002809 0.001866
0 0.117626 0.382229 0.011938 0.008862
0 0.918890 0.381063 0.011236 0.006996
0 0.848139 0.382463 0.012289 0.009795
0 0.858497 0.378965 0.007022 0.003265
0 0.891152 0.376166 0.003511 0.001866
0 0.866046 0.374067 0.002458 0.002332
0 0.901861 0.373018 0.003862 0.002565
0 0.246840 0.371502 0.008427 0.004198
0 0.435042 0.375700 0.015449 0.013526
0 0.106390 0.373484 0.014045 0.013759
0 0.875176 0.370219 0.011587 0.008629
0 0.590239 0.365672 0.002809 0.003731
0 0.608322 0.364622 0.003862 0.002099
0 0.453301 0.363573 0.003511 0.002332
0 0.430653 0.363106 0.008076 0.004664
0 0.874298 0.362990 0.008427 0.006297
0 0.119909 0.361474 0.004565 0.003265
0 0.420471 0.362057 0.006671 0.005364
0 0.854986 0.360658 0.006320 0.004897
0 0.243680 0.361707 0.012640 0.006996
0 0.500176 0.359608 0.005969 0.003265
0 0.403441 0.362174 0.023174 0.009795
0 0.109551 0.358326 0.003511 0.003032
0 0.102353 0.359492 0.007374 0.005364
0 0.425737 0.358209 0.010183 0.004198
0 0.453476 0.354944 0.003862 0.002799
0 0.887992 0.354244 0.004213 0.002799
0 0.571454 0.353428 0.003862 0.002099
0 0.438202 0.353078 0.007022 0.002799
0 0.568820 0.350047 0.003511 0.001866
0 0.521067 0.351213 0.010534 0.006996
0 0.570049 0.344333 0.009480 0.009095
0 0.429249 0.340718 0.003160 0.002332
0 0.407654 0.338619 0.005618 0.002799
0 0.556355 0.337687 0.001756 0.001399
0 0.560393 0.336171 0.002809 0.003032
0 0.504038 0.333722 0.005267 0.003265
0 0.373420 0.333022 0.003862 0.002332
0 0.509480 0.329641 0.002809 0.002099
0 0.355162 0.330107 0.008778 0.003498
0 0.465941 0.329757 0.004916 0.003731
0 0.785288 0.324394 0.004565 0.003265
0 0.789677 0.321479 0.002809 0.002099
0 0.791433 0.318447 0.003511 0.002565
0 0.464010 0.318330 0.003862 0.002332
0 0.458041 0.317980 0.005267 0.003032
0 0.324438 0.317864 0.003511 0.002799
0 0.555653 0.317980 0.005969 0.003965
0 0.629038 0.316581 0.005267 0.002565
0 0.306004 0.316465 0.005267 0.002799
0 0.385885 0.314132 0.004916 0.002799
0 0.627458 0.312966 0.003511 0.002332
0 0.546699 0.306203 0.007725 0.004664
0 0.383251 0.304454 0.004565 0.003032
0 0.626931 0.303288 0.003160 0.002565
0 0.524228 0.304804 0.007725 0.006063
0 0.406426 0.303172 0.003862 0.002799
0 0.567591 0.305154 0.007374 0.008629
0 0.507022 0.302239 0.004213 0.005597
0 0.544066 0.301423 0.009480 0.004897
0 0.321278 0.300606 0.004916 0.004664
0 0.597963 0.298507 0.004213 0.003265
0 0.560569 0.301889 0.010885 0.010961
0 0.576369 0.305037 0.009480 0.018657
0 0.523525 0.296992 0.007725 0.002565
0 0.507549 0.295709 0.003160 0.002332
0 0.213308 0.296059 0.004565 0.003498
0 0.504740 0.292794 0.003160 0.003498
0 0.538799 0.291278 0.004565 0.001399
0 0.489115 0.291628 0.004916 0.003965
0 0.229284 0.290928 0.007725 0.003965
0 0.534761 0.287780 0.002107 0.001399
0 0.258954 0.287197 0.022823 0.008162
0 0.320576 0.284398 0.004213 0.003032
0 0.271419 0.283349 0.003511 0.002799
0 0.522823 0.281950 0.005618 0.003731
0 0.523525 0.278568 0.001404 0.001166
0 0.285815 0.281250 0.013343 0.007929
0 0.267381 0.276353 0.024228 0.010728
0 0.296524 0.270406 0.003862 0.003965
0 0.276159 0.262826 0.012992 0.005597
0 0.205934 0.247435 0.002458 0.001399
0 0.708743 0.194380 0.008076 0.005830
0 0.687324 0.170359 0.002458 0.001632
0 0.172577 0.162080 0.005969 0.003731
0 0.558638 0.121035 0.004916 0.003265
0 0.625702 0.099464 0.002809 0.003498
0 0.368153 0.093284 0.005969 0.004664
0 0.735077 0.023321 0.005969 0.004664
