0 0.942416 0.596432 0.009129 0.009095
0 0.561271 0.563083 0.002458 0.001632
0 0.570751 0.563899 0.005969 0.004198
0 0.872542 0.554338 0.007022 0.006063
0 0.904670 0.537547 0.005267 0.006063
0 0.843223 0.545942 0.027037 0.023787
0 0.674860 0.536614 0.010534 0.007463
0 0.889747 0.534748 0.004916 0.004664
0 0.694874 0.534632 0.004213 0.004897
0 0.814256 0.530784 0.010534 0.006996
0 0.644136 0.527635 0.003160 0.003032
0 0.750000 0.527519 0.003511 0.004664
0 0.823736 0.534049 0.010534 0.018190
0 0.679775 0.525886 0.002809 0.003731
0 0.650983 0.526936 0.007725 0.005830
0 0.714537 0.524370 0.004916 0.004431
0 0.697156 0.525187 0.005969 0.009795
0 0.683638 0.522505 0.004916 0.004431
0 0.895365 0.520872 0.003511 0.003032
0 0.852353 0.520639 0.003862 0.003965
0 0.689782 0.520289 0.003862 0.004664
0 0.663975 0.521922 0.014045 0.008396
0 0.826194 0.516208 0.007022 0.006763
0 0.503160 0.513993 0.009129 0.002799
0 0.839712 0.515392 0.006671 0.006063
0 0.811798 0.515975 0.010534 0.009095
0 0.862008 0.513410 0.004213 0.004431
0 0.735253 0.516441 0.008427 0.017024
0 0.907303 0.514692 0.014747 0.015858
0 0.606742 0.502799 0.006320 0.007463
0 0.874298 0.500466 0.004213 0.008396
0 0.465239 0.497201 0.003511 0.002332
0 0.539150 0.496735 0.005267 0.003731
0 0.445927 0.496618 0.006320 0.004431
0 0.696805 0.507812 0.050913 0.028218
0 0.455407 0.493937 0.004213 0.002332
0 0.657654 0.496152 0.007022 0.007229
0 0.456812 0.487290 0.005618 0.003965
0 0.935393 0.488456 0.007022 0.007229
0 0.715414 0.485774 0.008076 0.005131
0 0.437324 0.476329 0.007374 0.003965
0 0.913975 0.479594 0.017556 0.013759
0 0.926791 0.475280 0.006671 0.005597
0 0.524052 0.473881 0.003862 0.003731
0 0.938904 0.473064 0.009831 0.004897
0 0.451194 0.471199 0.004213 0.002565
0 0.878336 0.471782 0.004565 0.004198
0 0.896243 0.470499 0.005267 0.003498
0 0.738940 0.470732 0.003862 0.004431
0 0.486833 0.465602 0.004565 0.003032
0 0.910288 0.462104 0.003862 0.004897
0 0.558462 0.462803 0.006671 0.007229
0 0.490169 0.460821 0.003511 0.004664
0 0.709094 0.454874 0.003862 0.003965
0 0.973490 0.452775 0.003862 0.002565
0 0.721735 0.453125 0.005267 0.005597
0 0.870611 0.461870 0.031952 0.023554
0 0.571805 0.450560 0.004565 0.005597
0 0.554775 0.451726 0.004916 0.008862
0 0.842170 0.452309 0.022121 0.010494
0 0.906952 0.450793 0.011938 0.008396
0 0.896243 0.448811 0.007374 0.005364
0 0.719628 0.446129 0.005267 0.005131
0 0.916959 0.443913 0.005267 0.003498
0 0.507725 0.443913 0.003511 0.004431
0 0.498596 0.442048 0.003511 0.003965
0 0.592872 0.438666 0.002458 0.004198
0 1.021419 0.442281 0.014747 0.011894
0 0.713132 0.436800 0.005618 0.004664
0 0.599544 0.437850 0.005267 0.006763
0 0.436096 0.432719 0.005618 0.003965
0 0.957163 0.430037 0.004213 0.002799
0 0.937500 0.429688 0.007022 0.008162
0 0.765098 0.430271 0.008427 0.010261
0 0.758778 0.426189 0.002809 0.002099
0 0.971032 0.425023 0.003862 0.002565
0 0.914501 0.425956 0.036868 0.021222
0 0.879565 0.418843 0.005618 0.009795
0 0.596735 0.416978 0.003160 0.006063
0 0.667310 0.411497 0.005267 0.002099
0 0.744733 0.423974 0.039326 0.031250
0 0.616397 0.409515 0.003160 0.002799
0 0.456987 0.407533 0.003160 0.003965
0 0.675913 0.406950 0.004213 0.004198
0 0.501756 0.405084 0.005618 0.005131
0 0.713132 0.403918 0.011938 0.009328
0 0.697858 0.401236 0.004565 0.003965
0 0.959621 0.406133 0.014045 0.015159
0 0.622015 0.399604 0.005267 0.006763
0 0.861131 0.407533 0.059340 0.023554
0 0.674508 0.398554 0.004916 0.006996
0 1.158181 0.397038 0.007374 0.004431
0 0.681180 0.396105 0.002809 0.003032
0 0.791608 0.399837 0.012289 0.015625
0 0.513694 0.394240 0.007725 0.009095
0 0.591643 0.399137 0.023876 0.021222
0 0.552669 0.401003 0.056882 0.026819
0 0.869031 0.389692 0.005618 0.005131
0 0.521067 0.386194 0.018961 0.008396
0 0.617451 0.385844 0.005969 0.008162
0 0.574438 0.382579 0.004213 0.003965
0 0.672051 0.381297 0.004213 0.006996
0 0.886763 0.378032 0.005267 0.003731
0 0.576721 0.375466 0.008076 0.004198
0 0.527914 0.373717 0.003862 0.002565
0 0.850597 0.380014 0.020716 0.015625
0 0.470154 0.373717 0.007725 0.007229
0 0.599368 0.372785 0.009129 0.009095
0 0.690133 0.369869 0.012992 0.007929
0 0.914326 0.392374 0.051264 0.053405
0 0.708392 0.363573 0.003862 0.003731
0 0.589185 0.375000 0.025281 0.026586
0 0.765625 0.366838 0.008778 0.010728
0 0.758778 0.382812 0.073736 0.044076
0 0.701194 0.363923 0.004213 0.007229
0 0.509831 0.363106 0.010534 0.005597
0 0.777739 0.364622 0.007725 0.010494
0 0.735077 0.359142 0.002458 0.001866
0 0.809164 0.374534 0.038272 0.033116
0 0.705232 0.355877 0.003862 0.002799
0 0.758251 0.361707 0.005969 0.016325
0 0.866924 0.356576 0.006320 0.007929
0 0.912044 0.354128 0.005267 0.003498
0 1.033708 0.354361 0.005618 0.004897
0 0.923806 0.355061 0.007022 0.006297
0 0.729635 0.353312 0.002809 0.003731
0 0.571980 0.356227 0.007725 0.011427
0 0.564782 0.352262 0.004565 0.003498
0 0.501580 0.353661 0.034761 0.011427
0 0.901685 0.350863 0.014045 0.009562
0 0.496840 0.343167 0.004213 0.003965
0 0.769312 0.344100 0.002809 0.006297
0 0.929951 0.341068 0.004565 0.004897
0 0.762114 0.340835 0.008076 0.006297
0 0.615344 0.333955 0.009480 0.007463
0 0.934691 0.331973 0.005618 0.004431
0 0.913799 0.328708 0.006671 0.004431
0 1.013167 0.338969 0.015098 0.026353
0 0.610604 0.326259 0.007022 0.005597
0 0.682409 0.338503 0.024930 0.036614
0 0.710674 0.333372 0.034410 0.027752
0 0.477528 0.321129 0.008427 0.009328
0 0.878336 0.323694 0.020014 0.015858
0 0.987184 0.327542 0.034761 0.024021
0 0.460147 0.317631 0.008076 0.006063
0 0.933813 0.317631 0.017907 0.019123
0 0.808287 0.308885 0.002107 0.002565
0 0.704178 0.312850 0.007374 0.010494
0 0.980513 0.310051 0.014396 0.008162
0 0.950843 0.309468 0.017556 0.009328
0 0.695751 0.306670 0.005267 0.004198
0 0.497718 0.305387 0.003862 0.002099
0 0.554249 0.305970 0.011587 0.005131
0 0.849368 0.305737 0.012640 0.009328
0 0.948034 0.301656 0.006320 0.003965
0 0.633076 0.300723 0.004916 0.004431
0 0.636938 0.334771 0.084270 0.080924
0 0.942065 0.296409 0.004213 0.004664
0 0.650456 0.297108 0.005267 0.006996
0 0.934691 0.295009 0.004916 0.003731
0 0.663272 0.297458 0.011236 0.009095
0 0.506496 0.300840 0.018610 0.015858
0 0.554249 0.295359 0.005267 0.005830
0 0.954354 0.295476 0.006320 0.009328
0 0.579354 0.298624 0.030197 0.016091
0 0.727704 0.293260 0.010885 0.005830
0 0.834270 0.296292 0.021067 0.014226
0 0.913624 0.290229 0.003511 0.002565
0 0.632198 0.291861 0.011587 0.005830
0 0.456812 0.299907 0.023876 0.023321
0 0.700492 0.294310 0.011938 0.013993
0 0.788272 0.293493 0.016152 0.013759
0 0.768258 0.288130 0.011938 0.007696
0 0.551264 0.285681 0.006320 0.003265
0 0.421524 0.287430 0.018610 0.008629
0 0.758603 0.295592 0.036868 0.025420
0 0.682584 0.286847 0.006320 0.007929
0 0.799684 0.284981 0.004565 0.006530
0 0.713483 0.286497 0.011938 0.010494
0 1.084270 0.281600 0.010534 0.007696
0 0.803546 0.279851 0.003862 0.004664
0 0.796875 0.278451 0.003160 0.002799
0 0.967170 0.278451 0.003160 0.003265
0 0.816362 0.284748 0.024579 0.016791
0 0.540028 0.281133 0.010534 0.010961
0 0.991046 0.275303 0.003160 0.002099
0 0.730513 0.275770 0.003160 0.004897
0 0.709445 0.276353 0.005267 0.007463
0 0.801440 0.273438 0.003862 0.005830
0 0.535990 0.271339 0.003160 0.002099
0 0.433638 0.273321 0.009831 0.007929
0 0.795822 0.270406 0.007374 0.003965
0 0.517556 0.269590 0.003511 0.002332
0 0.495260 0.271688 0.010183 0.007463
0 0.632374 0.271922 0.007725 0.008396
0 0.597437 0.267724 0.002458 0.002799
0 0.613062 0.273787 0.025281 0.017724
0 0.593750 0.265508 0.002107 0.002099
0 0.747367 0.266208 0.005969 0.003965
0 0.931706 0.265159 0.003862 0.004198
0 0.597788 0.263993 0.002458 0.001866
0 0.527212 0.263643 0.005969 0.004431
0 0.461903 0.261777 0.004565 0.002565
0 0.583216 0.263876 0.008427 0.007229
0 0.428020 0.259328 0.004916 0.003265
0 0.893083 0.261311 0.012289 0.007696
0 1.000702 0.258279 0.004213 0.003498
0 0.450667 0.257929 0.008778 0.003731
0 0.576721 0.258396 0.008076 0.006063
0 0.439782 0.256763 0.003862 0.002799
0 0.581461 0.255014 0.004213 0.002565
0 0.499649 0.255714 0.006320 0.004431
0 0.878511 0.255597 0.005618 0.008862
0 0.783708 0.250700 0.004916 0.003731
0 0.472086 0.254431 0.013694 0.011194
0 0.514396 0.250466 0.005618 0.003731
0 0.523701 0.248951 0.003862 0.002565
0 0.631145 0.255597 0.015098 0.016791
0 0.945400 0.249184 0.008778 0.005830
0 0.984726 0.246852 0.003160 0.002565
0 0.855337 0.250933 0.040028 0.014459
0 0.621313 0.247318 0.012289 0.007229
0 0.634305 0.243120 0.005969 0.003965
0 0.762992 0.241954 0.002809 0.002099
0 0.473666 0.241371 0.002809 0.002799
0 0.740520 0.243004 0.008427 0.006530
0 0.486482 0.242537 0.005267 0.006063
0 0.479810 0.240205 0.001756 0.001399
0 0.905723 0.240672 0.004565 0.004198
0 0.588834 0.243820 0.013343 0.010494
0 0.621489 0.239739 0.005618 0.005131
0 1.086728 0.239039 0.006320 0.005131
0 0.799860 0.238806 0.006320 0.005131
0 1.078125 0.237873 0.008778 0.004664
0 0.609199 0.239039 0.008427 0.007929
0 0.816538 0.235891 0.003160 0.003032
0 0.842346 0.238106 0.007725 0.008396
0 0.824438 0.235891 0.002809 0.004431
0 0.829705 0.235424 0.002809 0.004431
0 0.474719 0.234841 0.006320 0.004198
0 0.764923 0.232976 0.002458 0.001866
0 0.875702 0.234258 0.008427 0.006297
0 1.139045 0.231926 0.004916 0.003032
0 0.803020 0.231693 0.005618 0.003965
0 0.853581 0.232626 0.015449 0.009562
0 0.688553 0.228895 0.003511 0.003032
0 0.892205 0.229594 0.014747 0.007696
0 0.868855 0.227845 0.005969 0.007463
0 0.778265 0.225513 0.005969 0.004198
0 0.805478 0.222948 0.003511 0.002799
0 0.969101 0.221665 0.004916 0.005364
0 0.672226 0.222948 0.015801 0.009328
0 1.090414 0.217467 0.004565 0.002565
0 0.678722 0.218050 0.003511 0.003731
0 0.908006 0.222015 0.014045 0.013060
0 0.650808 0.214669 0.003160 0.002565
0 0.703125 0.218400 0.017205 0.011427
0 0.893434 0.214785 0.003862 0.005597
0 0.924508 0.215485 0.007022 0.007463
0 0.947858 0.219566 0.011587 0.017024
0 0.625000 0.211754 0.003511 0.002799
0 1.242802 0.211521 0.005267 0.005131
0 0.946103 0.209538 0.002458 0.002565
0 0.937500 0.209422 0.006320 0.002799
0 0.960499 0.208139 0.003862 0.002099
0 0.906952 0.207906 0.012640 0.005830
0 0.918364 0.206973 0.009480 0.004431
0 0.964888 0.204757 0.003511 0.001866
0 0.677317 0.204524 0.005618 0.003265
0 0.604284 0.202775 0.004916 0.003032
0 0.558638 0.203125 0.006320 0.004198
0 1.231039 0.199743 0.002809 0.001632
0 1.225421 0.199977 0.005618 0.002099
0 0.625878 0.202076 0.012992 0.006763
0 0.880618 0.199977 0.003511 0.003498
0 0.950140 0.197295 0.002809 0.002332
0 1.207514 0.198694 0.007725 0.005597
0 0.875351 0.196712 0.005618 0.003498
0 0.656074 0.196595 0.003160 0.003265
0 0.551791 0.197295 0.003862 0.005131
0 0.567240 0.197994 0.010885 0.006996
0 0.958743 0.195429 0.003160 0.002332
0 0.941011 0.197761 0.008427 0.007463
0 0.639221 0.195079 0.003160 0.003965
0 1.245435 0.195896 0.009831 0.006996
0 0.598841 0.193330 0.004565 0.002799
0 0.610604 0.191231 0.004213 0.002799
0 0.570049 0.190998 0.003862 0.002799
0 0.885885 0.184585 0.007022 0.004897
0 0.930829 0.182253 0.006320 0.003965
0 0.603581 0.180970 0.002107 0.004198
0 0.908357 0.179804 0.004213 0.002799
0 0.756671 0.178172 0.008427 0.005131
0 0.181706 0.179921 0.008076 0.010961
0 0.913624 0.175140 0.007022 0.002332
0 0.953652 0.174557 0.005618 0.003032
0 0.265449 0.162896 0.011938 0.006763
0 0.597437 0.156483 0.003862 0.002332
0 0.422051 0.158232 0.013343 0.007229
0 0.272296 0.156250 0.012992 0.004664
0 1.063378 0.155201 0.005267 0.003498
0 0.260183 0.154151 0.004916 0.003265
0 0.285463 0.151003 0.009129 0.004431
0 0.607971 0.148904 0.009480 0.006297
0 0.592521 0.146222 0.004565 0.003265
0 0.620260 0.145639 0.008778 0.006297
0 0.198034 0.140275 0.005618 0.003498
0 0.965063 0.138526 0.003862 0.002799
0 0.276861 0.137127 0.005267 0.002799
0 0.565836 0.137127 0.007374 0.005597
0 0.555829 0.134678 0.011236 0.005364
0 0.203125 0.131996 0.004565 0.002799
0 0.610604 0.134212 0.014747 0.008162
0 0.581636 0.130597 0.005969 0.004198
0 0.577423 0.124767 0.003160 0.001866
0 0.272121 0.125466 0.007022 0.003731
0 0.567767 0.125000 0.007725 0.003731
0 0.252633 0.122785 0.003862 0.002565
0 0.721735 0.120919 0.006671 0.003965
0 0.266854 0.120336 0.008427 0.003265
0 0.452247 0.120452 0.009831 0.006297
0 0.206987 0.111474 0.004565 0.003265
0 0.603581 0.099813 0.011938 0.006996
0 0.616924 0.095266 0.003511 0.002099
0 0.263869 0.091418 0.003862 0.003731
0 0.632725 0.080107 0.011938 0.004431
0 0.627458 0.076259 0.003511 0.002799
0 0.258778 0.075793 0.006320 0.003265
0 0.617978 0.067164 0.010534 0.003731
0 0.421524 0.066581 0.005267 0.003032
0 0.633251 0.066814 0.006671 0.004431
0 0.398174 0.062267 0.004916 0.004664
0 0.784059 0.053871 0.005618 0.004198
0 0.419593 0.053988 0.014045 0.008162
0 0.311973 0.038596 0.004565 0.002099
0 0.405899 0.033815 0.002809 0.001399
0 1.004565 0.026936 0.004916 0.003032
0 0.349544 0.024720 0.003160 0.001866
0 0.413448 0.019823 0.003862 0.002799
0 1.021945 0.017957 0.003862 0.003265
0 0.592170 0.017724 0.011587 0.003265
0 0.349544 0.016908 0.004565 0.003498
0 0.423104 0.017257 0.009129 0.004664
0 0.380091 0.016674 0.013694 0.004431
0 0.336728 0.014809 0.005618 0.003032
0 0.401861 0.012477 0.008778 0.005364
0 0.751053 0.010261 0.014747 0.006996
