0 0.870435 0.487057 0.007725 0.004897
0 0.870084 0.457673 0.003511 0.002565
0 0.889221 0.451842 0.009480 0.005364
0 0.897121 0.447411 0.016854 0.004897
0 0.883954 0.443097 0.003862 0.001866
0 0.922928 0.440998 0.003160 0.002332
0 0.918013 0.439482 0.003160 0.002565
0 0.919066 0.426423 0.003160 0.001632
0 0.862886 0.423274 0.003862 0.002799
0 0.855162 0.416978 0.003862 0.002332
0 0.850597 0.412896 0.012289 0.010961
0 0.860955 0.397505 0.002107 0.002565
0 0.852879 0.389226 0.003511 0.002799
0 0.815133 0.387127 0.002458 0.002332
0 0.880969 0.369053 0.011938 0.006763
0 0.874122 0.361124 0.003862 0.003032
0 0.795119 0.357509 0.015098 0.006996
0 0.867802 0.356810 0.006671 0.006063
0 0.877282 0.354594 0.005267 0.003965
0 0.833216 0.352962 0.016854 0.006763
0 0.649930 0.350979 0.004916 0.003731
0 0.877458 0.348997 0.005618 0.004431
0 0.823560 0.344100 0.012289 0.008162
0 0.818469 0.338736 0.002809 0.002099
0 0.813904 0.336987 0.003511 0.002332
0 0.791608 0.333722 0.003862 0.002799
0 1.006671 0.324860 0.003511 0.002799
0 0.663624 0.324627 0.005618 0.004664
0 0.869909 0.317164 0.005267 0.003731
0 0.776685 0.312850 0.003511 0.004897
0 0.808813 0.312383 0.008778 0.005830
0 0.794593 0.320896 0.030899 0.031250
0 0.764923 0.311101 0.011587 0.011660
0 0.799860 0.303988 0.003511 0.002099
0 0.976826 0.302822 0.004213 0.002565
0 0.966819 0.309352 0.012289 0.015625
0 0.962254 0.299207 0.002458 0.002799
0 1.014572 0.301656 0.011587 0.008629
0 1.037395 0.296992 0.003160 0.003965
0 1.043715 0.283815 0.003160 0.001399
0 0.791081 0.284632 0.006320 0.004897
0 0.798631 0.279035 0.005969 0.006297
0 0.785639 0.261077 0.005969 0.004431
0 0.791433 0.257463 0.006320 0.004664
0 0.774930 0.252099 0.009831 0.008396
0 0.744733 0.231926 0.005618 0.004897
0 0.711552 0.191931 0.010183 0.006063
0 0.484726 0.107160 0.002458 0.001632
0 0.577247 0.066231 0.003511 0.002332
