0 0.741397 0.555504 0.007374 0.004198
0 0.689958 0.555271 0.009129 0.005597
0 0.746138 0.547458 0.018258 0.011427
0 0.525632 0.548391 0.023876 0.023088
0 0.685393 0.536264 0.010534 0.006297
0 0.711376 0.538013 0.025281 0.012127
0 0.836376 0.530900 0.011938 0.016091
0 0.802142 0.525886 0.010885 0.008862
0 0.778265 0.529734 0.017205 0.026353
0 0.716117 0.518540 0.010885 0.008629
0 0.663272 0.513876 0.028090 0.018424
0 0.849368 0.505830 0.010534 0.006063
0 0.871313 0.500583 0.005969 0.003965
0 0.831987 0.502799 0.018610 0.010261
0 0.676264 0.499534 0.015449 0.009328
0 0.818645 0.495919 0.010885 0.006763
0 0.450492 0.495103 0.014045 0.005131
0 0.737008 0.512010 0.038624 0.039879
0 0.700140 0.501399 0.030197 0.018657
0 0.809691 0.486824 0.011236 0.010028
0 0.724895 0.483792 0.008076 0.004897
0 0.422928 0.483792 0.009480 0.006763
0 0.837781 0.483326 0.026685 0.008162
0 0.645365 0.481810 0.009129 0.006530
0 0.679951 0.485075 0.028441 0.015858
0 0.862184 0.479011 0.008778 0.006530
0 0.780372 0.479361 0.019312 0.015625
0 0.449965 0.472015 0.008076 0.005131
0 0.732795 0.471082 0.007022 0.006063
0 0.694522 0.470033 0.012640 0.005830
0 0.779494 0.467934 0.009129 0.006297
0 0.855162 0.467817 0.029846 0.016791
0 0.916608 0.461171 0.005267 0.003965
0 0.839888 0.460471 0.007022 0.004897
0 0.765625 0.463270 0.010183 0.010494
0 0.347963 0.461171 0.010534 0.009095
0 0.860077 0.454641 0.010885 0.006297
0 0.767907 0.482043 0.057584 0.061567
0 0.879740 0.451959 0.005969 0.006063
0 0.794242 0.448577 0.006320 0.002565
0 0.869909 0.447295 0.009480 0.007463
0 0.753336 0.446828 0.030548 0.015392
0 0.791257 0.434935 0.006671 0.004664
0 0.412219 0.434585 0.020365 0.015159
0 0.802844 0.428055 0.008076 0.002565
0 0.762114 0.433652 0.018610 0.015159
0 0.820751 0.423391 0.013694 0.009095
0 0.731742 0.338853 0.002809 0.001866
0 0.739993 0.339202 0.009480 0.006763
0 0.748596 0.329291 0.004213 0.002799
0 0.740344 0.327192 0.003160 0.002332
0 0.726826 0.326609 0.005618 0.003498
0 0.754916 0.323111 0.004916 0.002565
0 0.760534 0.321945 0.004916 0.002565
0 0.727704 0.319496 0.005969 0.002332
0 0.966292 0.315998 0.005618 0.002799
0 0.761938 0.316231 0.005618 0.003265
0 0.741573 0.317048 0.011938 0.007229
0 0.755267 0.313783 0.005618 0.003032
0 0.528617 0.309118 0.010183 0.005830
0 0.969803 0.309818 0.011236 0.007696
0 0.836025 0.308885 0.009831 0.007229
0 0.991397 0.303521 0.012992 0.006763
0 0.970506 0.302006 0.014045 0.006063
0 0.956285 0.299790 0.007374 0.003965
0 0.211201 0.296758 0.007374 0.004431
0 0.992451 0.296175 0.009480 0.005597
0 0.952949 0.293260 0.006320 0.004431
0 0.642556 0.289646 0.002107 0.001399
0 0.645541 0.288363 0.003862 0.001632
0 0.505969 0.289179 0.021067 0.009328
0 0.835499 0.284398 0.005267 0.003032
0 0.996840 0.285798 0.034410 0.010028
0 0.623947 0.281833 0.004916 0.003498
0 0.633427 0.281367 0.014045 0.009562
0 0.644838 0.271688 0.003862 0.002332
0 1.029143 0.269007 0.005618 0.004431
0 0.624649 0.268540 0.015449 0.007696
0 1.010183 0.261311 0.009129 0.004431
0 0.642029 0.260145 0.007374 0.003498
0 0.992100 0.269823 0.027739 0.023787
0 0.616749 0.255014 0.005267 0.003032
0 0.596910 0.251166 0.006320 0.001866
0 0.523876 0.248834 0.008427 0.006530
0 0.509656 0.243004 0.013694 0.006063
0 0.597963 0.237407 0.004916 0.003731
0 0.828125 0.230760 0.011587 0.002565
0 0.781426 0.231693 0.014396 0.007229
0 0.626404 0.226446 0.004916 0.002332
0 0.539677 0.227262 0.012640 0.006297
0 0.832338 0.225979 0.010885 0.004198
0 0.642907 0.226912 0.022472 0.006996
0 0.526861 0.230993 0.024228 0.017024
0 0.543364 0.222015 0.005969 0.002799
0 0.721910 0.221898 0.007022 0.005830
0 0.772121 0.221782 0.017556 0.007929
0 0.851299 0.215019 0.008076 0.004198
0 0.785990 0.213969 0.007374 0.002565
0 0.620611 0.215835 0.009480 0.007229
0 0.799684 0.211287 0.007374 0.003731
0 0.757022 0.211754 0.030197 0.005597
0 0.566187 0.210354 0.015098 0.011194
0 0.803546 0.205224 0.013694 0.003731
0 0.539853 0.202775 0.019312 0.008162
0 0.789150 0.199394 0.008076 0.005131
0 0.739642 0.192514 0.008076 0.003032
