0 0.317591 0.584538 0.003862 0.003498
0 0.441187 0.584305 0.007374 0.005830
0 0.264045 0.583139 0.007022 0.003498
0 0.463308 0.594450 0.027037 0.026586
0 0.874298 0.578591 0.002107 0.001866
0 0.317942 0.577892 0.010183 0.007463
0 0.217521 0.567514 0.003160 0.003032
0 0.209094 0.547108 0.001756 0.001399
0 0.954003 0.543960 0.013343 0.011427
0 0.638343 0.533815 0.008427 0.003731
0 0.647823 0.532299 0.003511 0.002099
0 0.662395 0.527519 0.002458 0.002332
0 0.186798 0.509678 0.004213 0.003032
0 0.887640 0.495802 0.012640 0.005131
0 0.884831 0.489972 0.004916 0.002332
0 0.853055 0.479711 0.010183 0.008396
0 0.903441 0.476329 0.004213 0.003498
0 0.712605 0.478078 0.007374 0.006996
0 0.524754 0.474230 0.005267 0.004897
0 0.859199 0.470382 0.003511 0.005597
0 0.684515 0.468633 0.018610 0.012826
0 0.540028 0.464319 0.007022 0.006996
0 0.894312 0.461054 0.004213 0.003731
0 0.719628 0.460238 0.005267 0.003965
0 0.728055 0.458256 0.003160 0.002799
0 0.797226 0.457206 0.005267 0.003498
0 0.882725 0.457323 0.008427 0.007463
0 0.859375 0.456273 0.005267 0.005830
0 0.888343 0.452076 0.014045 0.008629
0 0.864642 0.448228 0.005267 0.004664
0 0.842697 0.455457 0.024579 0.020056
0 0.679073 0.443097 0.002809 0.002332
0 0.717697 0.455340 0.042837 0.028218
0 0.823560 0.441698 0.003862 0.003265
0 0.675035 0.441465 0.003862 0.002799
0 0.830934 0.441465 0.005267 0.005131
0 0.857971 0.440182 0.010183 0.003965
0 0.564080 0.439132 0.003160 0.002332
0 1.060042 0.437267 0.004213 0.003265
0 1.048982 0.437500 0.004565 0.003731
0 0.530723 0.438549 0.005969 0.006763
0 0.870787 0.435518 0.004916 0.003498
0 0.534761 0.435285 0.004213 0.003498
0 1.156074 0.434935 0.003160 0.003265
0 0.566011 0.435051 0.003511 0.003498
0 0.692942 0.443563 0.018610 0.020989
0 0.826896 0.435984 0.008427 0.006297
0 0.696805 0.433769 0.012992 0.009328
0 0.734024 0.432136 0.005267 0.007463
0 0.893610 0.435751 0.016152 0.015625
0 0.575140 0.428988 0.002809 0.002565
0 0.518258 0.428988 0.007725 0.003498
0 0.715941 0.428055 0.005618 0.003965
0 0.740344 0.426889 0.004565 0.003965
0 0.514396 0.423624 0.004213 0.002565
0 0.504916 0.423624 0.003511 0.003032
0 0.586201 0.423274 0.002458 0.003265
0 0.576545 0.423391 0.004916 0.004431
0 0.950667 0.429338 0.044593 0.020522
0 0.531952 0.422108 0.016152 0.007463
0 0.860428 0.421525 0.011587 0.006763
0 0.558287 0.421292 0.013343 0.007696
0 0.941011 0.417794 0.007022 0.003965
0 0.454354 0.414062 0.003511 0.003965
0 0.849719 0.413946 0.004916 0.005597
0 0.957865 0.412663 0.023876 0.009562
0 0.999649 0.411031 0.008427 0.006763
0 1.014923 0.409049 0.003862 0.004198
0 0.283357 0.408932 0.002809 0.003965
0 0.488588 0.408932 0.006671 0.004431
0 0.929775 0.408232 0.004213 0.003965
0 0.919768 0.408116 0.003862 0.003731
0 1.015976 0.404851 0.003862 0.003731
0 0.940660 0.406483 0.011938 0.007463
0 0.561447 0.407999 0.022472 0.013293
0 1.003511 0.404151 0.011236 0.007929
0 0.967872 0.403218 0.005969 0.007929
0 0.722437 0.399370 0.004565 0.003498
0 1.016503 0.399137 0.008427 0.004897
0 0.759129 0.401586 0.013343 0.011660
0 0.531601 0.396105 0.004213 0.004897
0 0.574614 0.396688 0.009480 0.006530
0 0.471559 0.394356 0.004213 0.002799
0 0.584445 0.394356 0.003862 0.003265
0 0.503862 0.402052 0.017556 0.018657
0 0.514396 0.393773 0.003511 0.003498
0 0.562851 0.393657 0.004213 0.003731
0 0.546875 0.394240 0.005267 0.004897
0 0.500702 0.392724 0.002809 0.002332
0 0.987886 0.411847 0.036868 0.042444
0 0.302844 0.395406 0.017907 0.010028
0 1.170646 0.390625 0.003511 0.002332
0 0.597612 0.389809 0.002809 0.002565
0 0.496840 0.389342 0.003511 0.002099
0 0.971735 0.388876 0.005267 0.004431
0 0.955232 0.392374 0.021419 0.011894
0 0.542486 0.388759 0.006320 0.005131
0 0.469628 0.388293 0.005969 0.004198
0 0.606039 0.388876 0.007725 0.005830
0 0.458041 0.386777 0.003862 0.003032
0 0.562851 0.386311 0.006320 0.004431
0 1.015976 0.388176 0.010885 0.009095
0 0.550035 0.385261 0.005969 0.003265
0 0.525808 0.386077 0.003160 0.004897
0 0.998596 0.384562 0.004213 0.002799
0 0.576545 0.384095 0.004916 0.003731
0 0.453652 0.383862 0.003511 0.003265
0 0.558638 0.381646 0.004213 0.003032
0 0.543188 0.382229 0.006320 0.006063
0 1.047051 0.379781 0.003511 0.002565
0 0.975948 0.379548 0.005267 0.003032
0 0.574438 0.378731 0.008427 0.004664
0 0.489115 0.376866 0.009831 0.006530
0 0.591994 0.372785 0.016152 0.008629
0 1.090239 0.369170 0.004213 0.003265
0 0.961376 0.367537 0.007022 0.004198
0 1.033006 0.364855 0.002809 0.002565
0 0.613413 0.365205 0.018258 0.009328
0 0.628336 0.359025 0.010183 0.005830
0 1.035815 0.357626 0.006320 0.003965
0 1.011412 0.359258 0.015098 0.009562
0 1.057760 0.355177 0.003862 0.002332
0 1.026159 0.355061 0.005267 0.003032
0 0.970506 0.352729 0.004916 0.004431
0 1.046875 0.352612 0.006671 0.007463
0 1.089010 0.355877 0.018610 0.015858
0 0.960499 0.351562 0.008778 0.007229
0 0.934340 0.347015 0.005618 0.004664
0 1.056882 0.346315 0.007725 0.005131
0 1.048104 0.345849 0.005618 0.004198
0 0.959972 0.345149 0.004213 0.002799
0 1.028265 0.342118 0.005969 0.005597
0 1.058462 0.336521 0.005267 0.003731
0 1.080407 0.332556 0.002809 0.002332
0 1.085850 0.331623 0.004565 0.005597
0 0.968926 0.328125 0.003160 0.001866
0 1.016678 0.328708 0.004565 0.003965
0 1.081987 0.326493 0.005267 0.003731
0 1.047051 0.325910 0.004213 0.002565
0 0.958392 0.327076 0.006671 0.004897
0 1.060042 0.328941 0.009831 0.010494
0 0.933813 0.330924 0.041081 0.015858
0 1.102528 0.326842 0.009129 0.009095
0 0.968048 0.322178 0.007022 0.006763
0 0.994382 0.320779 0.006320 0.006763
0 1.113237 0.316348 0.002458 0.001632
0 1.105864 0.316115 0.002458 0.002099
0 0.907830 0.316115 0.003862 0.003032
0 0.992626 0.315648 0.004916 0.003032
0 1.108146 0.311451 0.002809 0.002099
0 0.873244 0.311451 0.006320 0.004431
0 1.119733 0.310984 0.004916 0.004897
0 1.115344 0.309352 0.003862 0.002565
0 1.103581 0.306670 0.004213 0.002332
0 1.050913 0.313549 0.016854 0.018890
0 0.394487 0.303638 0.003160 0.002332
0 1.081987 0.315765 0.036166 0.030317
0 0.375527 0.300956 0.003160 0.002099
0 0.950667 0.301539 0.007374 0.005597
0 1.068469 0.297458 0.003511 0.002099
0 0.387992 0.297808 0.004916 0.006530
0 1.110955 0.300257 0.019663 0.011894
0 1.055302 0.296758 0.014396 0.012360
0 0.932584 0.305737 0.049860 0.031250
0 0.943996 0.291161 0.003862 0.002565
0 0.962254 0.293377 0.008778 0.007463
0 1.079881 0.292561 0.008778 0.009095
0 1.035463 0.298624 0.015449 0.024953
0 0.957514 0.288479 0.009129 0.006530
0 1.002282 0.286497 0.005969 0.004431
0 0.983497 0.286847 0.009129 0.005597
0 1.102704 0.284632 0.005969 0.002565
0 0.990344 0.284748 0.005969 0.003265
0 0.964888 0.284981 0.004213 0.003731
0 1.007725 0.283582 0.004213 0.002799
0 0.969101 0.282882 0.002809 0.002799
0 0.916081 0.281833 0.007022 0.004897
0 0.999473 0.280667 0.005969 0.003032
0 0.952949 0.282533 0.016152 0.014226
0 1.008778 0.274370 0.004213 0.002565
0 0.782128 0.273671 0.003862 0.003498
0 0.997542 0.271922 0.002809 0.002332
0 0.754389 0.271455 0.003160 0.002332
0 0.735253 0.270989 0.004213 0.004664
0 1.015625 0.269590 0.003160 0.002332
0 0.966643 0.274604 0.012640 0.012826
0 0.742978 0.270522 0.004916 0.004664
0 0.712079 0.268424 0.005618 0.003731
0 0.719452 0.268307 0.004916 0.006763
0 0.971735 0.262826 0.004565 0.002332
0 0.475948 0.258862 0.003160 0.003265
0 0.960499 0.256530 0.007374 0.006063
0 0.764045 0.253615 0.002809 0.002565
0 0.995084 0.253848 0.007022 0.005364
0 0.963659 0.249767 0.005267 0.005131
0 1.000176 0.249650 0.009480 0.005830
0 0.946454 0.250816 0.017205 0.008629
0 0.777914 0.256413 0.016503 0.021222
0 0.794417 0.255597 0.022121 0.023787
0 0.987535 0.248834 0.012289 0.013526
0 0.544768 0.240089 0.001756 0.001632
0 0.515274 0.239972 0.002458 0.002332
0 0.488062 0.239272 0.002809 0.002332
0 0.777914 0.236707 0.005969 0.005131
0 0.798279 0.234258 0.003160 0.002099
0 0.769838 0.232043 0.003862 0.002799
0 0.754916 0.220965 0.004213 0.003498
0 0.808813 0.226562 0.012289 0.016558
0 0.784059 0.221665 0.018258 0.016091
0 0.959094 0.209305 0.005267 0.003032
0 0.787395 0.208372 0.006671 0.004897
0 0.849895 0.206973 0.003160 0.002565
0 0.956461 0.206157 0.004916 0.002332
0 0.853581 0.204524 0.002809 0.002799
0 0.845506 0.203008 0.004213 0.003032
0 0.828301 0.202542 0.003511 0.002099
0 0.946980 0.204757 0.009831 0.006996
0 0.957690 0.201493 0.010183 0.005131
0 0.671348 0.196129 0.008427 0.005597
0 0.830232 0.194146 0.004565 0.002565
0 0.952423 0.193563 0.004565 0.001866
0 0.797226 0.193214 0.003160 0.002099
0 0.788624 0.193330 0.003511 0.002332
0 0.777563 0.194030 0.005969 0.003731
0 1.097086 0.192048 0.003862 0.002565
0 0.778441 0.189715 0.003511 0.003032
0 0.682760 0.183186 0.003160 0.001632
0 0.864466 0.180737 0.003511 0.002332
0 0.981566 0.176189 0.004565 0.002565
0 0.952949 0.177938 0.009129 0.007463
0 0.816889 0.176073 0.006671 0.004664
0 0.665204 0.177006 0.011587 0.010261
0 0.671524 0.172458 0.003862 0.002565
0 0.977353 0.171409 0.008076 0.005597
0 0.961201 0.168610 0.003862 0.002799
0 0.848139 0.181087 0.027037 0.029618
0 0.822331 0.157066 0.007725 0.009095
0 0.884129 0.120569 0.006320 0.002799
0 0.872542 0.112407 0.004213 0.002799
0 0.878862 0.105527 0.004213 0.002565
0 0.751229 0.098531 0.003160 0.002565
0 1.004213 0.086637 0.003511 0.003032
0 1.011763 0.084538 0.003160 0.002099
0 1.005442 0.083489 0.003862 0.003265
0 0.955583 0.081040 0.013694 0.005364
0 1.008954 0.078008 0.003160 0.002565
0 0.944522 0.075210 0.004213 0.003032
0 0.929249 0.070429 0.001756 0.001399
0 0.934691 0.070546 0.002809 0.002099
0 0.944698 0.066465 0.001756 0.002332
0 0.999298 0.063899 0.006320 0.003265
0 0.935393 0.061334 0.007022 0.004664
0 0.926440 0.032766 0.032654 0.015625
0 1.031426 0.027868 0.017205 0.011894
0 1.040730 0.020872 0.002809 0.002565
0 0.936447 0.020289 0.004213 0.002332
