0 0.510534 0.635145 0.006320 0.004897
0 0.919066 0.630247 0.001756 0.001166
0 0.276685 0.577542 0.009831 0.006763
0 0.533532 0.552006 0.004565 0.002799
0 0.718223 0.549440 0.005969 0.009795
0 0.514923 0.536964 0.007374 0.007696
0 0.515098 0.529501 0.004213 0.002565
0 0.749824 0.527169 0.005267 0.003965
0 0.547753 0.526119 0.013343 0.007929
0 1.126229 0.518540 0.017907 0.010494
0 1.167486 0.509678 0.007022 0.004431
0 0.750527 0.493120 0.007374 0.005830
0 1.144312 0.489855 0.004213 0.003032
0 0.591643 0.488806 0.003511 0.003265
0 0.704178 0.487873 0.006671 0.003731
0 0.747893 0.485075 0.005618 0.003731
0 0.642732 0.463736 0.003160 0.002099
0 0.681180 0.463736 0.004916 0.007696
0 1.101650 0.459305 0.003862 0.004431
0 1.130091 0.457206 0.004565 0.002565
0 1.129038 0.452892 0.002458 0.001866
0 0.423455 0.453008 0.004213 0.004897
0 1.146770 0.453941 0.008427 0.010028
0 1.132725 0.433652 0.005618 0.004431
0 1.110604 0.418960 0.010534 0.003965
0 0.570927 0.406833 0.004213 0.003965
0 0.477001 0.367887 0.005267 0.003965
0 0.454705 0.367188 0.004916 0.003498
0 0.503160 0.361940 0.006320 0.005131
0 1.141503 0.353545 0.014045 0.008862
0 0.507549 0.341884 0.003160 0.004198
0 0.574263 0.333605 0.003862 0.004431
0 1.129213 0.331973 0.014045 0.009562
0 0.207514 0.308069 0.003511 0.003731
0 0.528792 0.267957 0.003511 0.003731
0 0.528090 0.255480 0.003511 0.004897
0 0.543013 0.252682 0.004565 0.003032
0 0.574614 0.238806 0.006671 0.010728
0 0.531250 0.179104 0.004916 0.005131
0 1.067240 0.124883 0.023525 0.010494
0 0.468750 0.116954 0.003511 0.002565
0 1.047753 0.111241 0.020365 0.015858
0 1.088308 0.095033 0.050211 0.031017
0 1.062851 0.078591 0.009831 0.009328
0 1.062500 0.069963 0.008427 0.006996
0 1.091117 0.063083 0.014396 0.006763
0 1.099544 0.058885 0.006671 0.002565
0 1.098841 0.052589 0.008778 0.005830
0 1.059164 0.050140 0.008076 0.009795
0 1.083919 0.040695 0.012640 0.005364
0 1.024930 0.038479 0.007725 0.005597
0 1.024228 0.032533 0.009129 0.004897
