0 0.701018 0.660448 0.008778 0.005131
0 0.686271 0.658232 0.005267 0.006763
0 0.683462 0.648671 0.005267 0.003032
0 0.913097 0.585238 0.005969 0.003498
0 0.872542 0.493470 0.002809 0.002332
0 0.879213 0.469216 0.007725 0.006063
0 0.882549 0.464086 0.005969 0.003265
0 0.916784 0.423041 0.009129 0.005131
0 0.912219 0.417444 0.008427 0.003265
0 0.899403 0.415112 0.008778 0.006530
0 0.895365 0.407766 0.008427 0.005364
0 0.971208 0.356460 0.003511 0.002099
0 0.833743 0.316465 0.005267 0.004664
0 0.836201 0.308302 0.009480 0.012127
0 0.847788 0.303055 0.004565 0.002565
0 0.891854 0.300956 0.016152 0.013293
0 1.221910 0.291861 0.006320 0.003032
0 0.150281 0.289646 0.004213 0.001399
0 0.189431 0.288013 0.004565 0.002332
0 0.885007 0.288363 0.006671 0.004897
0 0.124298 0.279851 0.004916 0.004198
0 0.923104 0.273321 0.008427 0.006530
0 0.140449 0.273554 0.017556 0.007929
0 0.130091 0.265625 0.008778 0.004664
0 0.165555 0.262360 0.006671 0.004664
0 0.932409 0.260145 0.012992 0.014692
0 0.945576 0.254548 0.009129 0.005364
0 0.168890 0.251399 0.007022 0.005131
0 0.207514 0.243237 0.018258 0.006063
0 0.913624 0.244869 0.009831 0.009795
0 0.976299 0.237057 0.003862 0.003965
0 0.934867 0.238456 0.012992 0.014226
0 0.919066 0.233559 0.006671 0.005364
0 0.980337 0.227845 0.002809 0.003265
0 0.925211 0.222598 0.009129 0.009095
0 0.913272 0.214669 0.012640 0.010494
0 0.999122 0.208022 0.026334 0.020522
0 0.959972 0.197062 0.010534 0.006530
0 1.142029 0.191698 0.006671 0.006996
0 0.976124 0.183885 0.009831 0.006297
0 0.997542 0.176423 0.005618 0.004897
0 1.015274 0.163013 0.009480 0.006063
0 0.983322 0.159865 0.006671 0.005364
0 1.026510 0.156716 0.003862 0.004198
0 1.009480 0.156250 0.004213 0.003265
0 0.319522 0.155784 0.003511 0.002799
0 0.999473 0.154967 0.006671 0.004431
0 1.010183 0.151936 0.003511 0.003965
0 0.316889 0.148438 0.004565 0.003032
0 1.024052 0.147854 0.006671 0.004198
0 1.049860 0.138060 0.009831 0.006996
0 0.373069 0.092467 0.008778 0.005364
0 0.474895 0.041861 0.005267 0.004431
