0 0.301791 0.555504 0.003862 0.003265
0 0.286166 0.551423 0.010534 0.004431
0 0.683813 0.549324 0.003862 0.002565
0 0.267381 0.549207 0.006671 0.005597
0 0.283708 0.546758 0.012640 0.004431
0 0.661166 0.543960 0.002809 0.002099
0 0.689080 0.540695 0.007374 0.003965
0 0.304249 0.546992 0.015098 0.017491
0 0.262114 0.543843 0.020716 0.011194
0 0.267732 0.536381 0.005267 0.007929
0 0.237886 0.530550 0.006671 0.005597
0 0.246664 0.527285 0.005267 0.002799
0 0.660639 0.525420 0.007374 0.003265
0 0.330407 0.525653 0.009129 0.004664
0 0.266854 0.523554 0.004916 0.004198
0 0.292486 0.523554 0.014747 0.007463
0 0.242451 0.522388 0.004565 0.005131
0 0.321454 0.521105 0.008076 0.003498
0 0.252458 0.523438 0.012640 0.008629
0 0.335147 0.520872 0.008778 0.004897
0 0.302844 0.520639 0.010183 0.006763
0 0.365871 0.516091 0.002107 0.001866
0 0.614115 0.512243 0.010534 0.006297
0 0.305653 0.509911 0.007374 0.003498
0 0.321629 0.501866 0.004213 0.001866
0 0.328125 0.498134 0.003160 0.002799
0 0.305478 0.498251 0.007725 0.004897
0 0.303020 0.480177 0.005618 0.002332
0 0.269312 0.481110 0.007022 0.004198
0 0.392556 0.475280 0.002809 0.001399
0 0.298455 0.444146 0.004916 0.003498
0 0.268785 0.421525 0.003862 0.002565
0 0.207514 0.410215 0.007725 0.004664
0 0.525808 0.402402 0.005267 0.004897
0 1.064958 0.399604 0.007022 0.005364
0 1.237360 0.396105 0.009129 0.006297
0 0.524930 0.391091 0.005618 0.003731
0 0.527037 0.387826 0.002107 0.000933
0 0.483848 0.387943 0.002107 0.001632
0 0.519136 0.386194 0.003160 0.001399
0 0.520014 0.382696 0.005618 0.003265
0 0.530021 0.380947 0.003862 0.001632
0 0.512640 0.381413 0.009129 0.005830
0 0.492626 0.381530 0.014747 0.006063
0 0.479986 0.380131 0.009129 0.009328
0 0.517205 0.376516 0.004916 0.003032
0 0.521594 0.374650 0.003160 0.002099
0 0.517205 0.373951 0.002809 0.001166
0 0.533357 0.372085 0.002809 0.002099
0 0.535639 0.370452 0.003862 0.001632
0 0.524930 0.371502 0.005618 0.004198
0 0.551615 0.368004 0.006320 0.002799
0 1.074965 0.369403 0.009480 0.007463
0 0.525281 0.364389 0.003511 0.002565
0 0.530197 0.362407 0.001404 0.000933
0 1.085323 0.354011 0.009129 0.005131
0 0.549333 0.357043 0.027037 0.011194
0 0.261763 0.305854 0.004565 0.003498
0 0.172577 0.305387 0.003862 0.002565
0 0.130442 0.264109 0.005969 0.005830
0 0.218574 0.262710 0.006671 0.003498
0 0.295471 0.258979 0.005267 0.003498
0 0.547753 0.257929 0.007725 0.005597
0 0.789150 0.166744 0.013694 0.009328
0 0.810920 0.162780 0.007374 0.005597
0 0.992626 0.159865 0.004916 0.003498
0 1.185042 0.109492 0.002107 0.002565
0 1.181355 0.107976 0.003862 0.002799
0 1.166784 0.104244 0.002809 0.001866
0 1.176088 0.104827 0.004565 0.003965
0 1.169768 0.097015 0.007374 0.006996
0 0.323385 0.090835 0.007725 0.004431
0 0.318996 0.076959 0.011587 0.007463
0 1.000000 0.059935 0.017556 0.019590
