0 0.803371 0.612757 0.003511 0.003032
0 0.803546 0.607043 0.005267 0.003265
0 0.581110 0.605877 0.004213 0.003265
0 0.588483 0.596082 0.003511 0.001866
0 0.562851 0.595499 0.002809 0.003032
0 0.550562 0.593517 0.005618 0.004198
0 0.593399 0.591068 0.004213 0.001166
0 0.538975 0.589202 0.007725 0.003032
0 0.696805 0.584422 0.005969 0.003265
0 0.679249 0.583372 0.007374 0.003965
0 0.825316 0.584072 0.011587 0.006763
0 0.782479 0.582439 0.004565 0.003498
0 0.641152 0.577425 0.002809 0.002332
0 0.582163 0.577309 0.007725 0.002565
0 0.594803 0.579174 0.005618 0.009095
0 0.794242 0.575560 0.008427 0.005597
0 0.818118 0.573694 0.004916 0.003731
0 0.638869 0.573111 0.005267 0.003032
0 0.644838 0.569846 0.003160 0.002099
0 0.791081 0.569963 0.008427 0.004198
0 0.652739 0.567281 0.002809 0.002099
0 0.632725 0.566698 0.006320 0.003731
0 0.645014 0.564366 0.002809 0.002332
0 0.681531 0.564249 0.009831 0.005830
0 0.649579 0.560634 0.003511 0.005597
0 0.662570 0.556553 0.004916 0.004431
0 0.671348 0.559002 0.011938 0.013993
0 0.658708 0.553172 0.002809 0.002332
0 0.633251 0.551656 0.003160 0.001632
0 0.621313 0.543610 0.004565 0.001866
0 0.635007 0.539179 0.007374 0.006996
0 0.621313 0.531950 0.008076 0.006530
0 0.485604 0.512593 0.003511 0.003731
0 0.427844 0.484025 0.018610 0.010494
0 0.560920 0.480410 0.008076 0.005131
0 0.442591 0.478312 0.004565 0.002332
0 0.421699 0.479361 0.029494 0.017024
0 0.559340 0.471082 0.004916 0.002799
0 0.527388 0.468167 0.002809 0.002565
0 0.522999 0.467467 0.005267 0.003498
0 0.442591 0.468167 0.014396 0.007696
0 0.543013 0.463969 0.005267 0.003498
0 0.512816 0.457439 0.008778 0.004431
0 0.623069 0.455107 0.024228 0.008162
0 0.403265 0.402635 0.002458 0.002099
0 0.411341 0.402052 0.010183 0.005131
0 0.391678 0.394590 0.003160 0.002332
0 0.299333 0.395406 0.005267 0.003965
0 0.404670 0.393540 0.003862 0.002099
0 0.395892 0.392724 0.004565 0.001866
0 0.278968 0.392024 0.003160 0.002332
0 0.290730 0.390858 0.003511 0.002332
0 0.300211 0.390975 0.006320 0.003965
0 0.337079 0.389692 0.003511 0.002332
0 0.277563 0.389342 0.003862 0.002565
0 0.329003 0.389576 0.004916 0.003965
0 0.362184 0.389576 0.009480 0.004897
0 0.374473 0.387243 0.003862 0.002099
0 0.315309 0.388993 0.013343 0.006063
0 0.350421 0.383279 0.003511 0.003498
0 0.294242 0.379314 0.002809 0.001632
0 0.341292 0.383279 0.014747 0.014226
0 0.319874 0.376749 0.009129 0.003965
0 0.300737 0.378731 0.005969 0.007929
0 0.331285 0.376166 0.016503 0.007463
0 0.785990 0.373368 0.003862 0.002799
0 0.672402 0.373368 0.003511 0.002799
0 0.311096 0.375816 0.011236 0.010028
0 0.305302 0.371735 0.008076 0.003265
0 0.658708 0.371735 0.003511 0.003731
0 0.289501 0.370336 0.005969 0.002332
0 0.311447 0.369053 0.002107 0.001632
0 0.658006 0.368820 0.002809 0.001632
0 0.646945 0.368937 0.004565 0.002332
0 0.319698 0.369170 0.010885 0.003731
0 0.626580 0.367188 0.004565 0.003032
0 0.638869 0.366838 0.003862 0.002799
0 0.617802 0.366604 0.004565 0.002332
0 0.675035 0.365205 0.002458 0.001399
0 0.668013 0.367188 0.010885 0.005364
0 0.288097 0.365672 0.008076 0.004198
0 0.353581 0.366488 0.006320 0.007696
0 0.298982 0.364389 0.010183 0.006763
0 0.559691 0.361590 0.004916 0.001632
0 0.675211 0.361241 0.002809 0.001866
0 0.641327 0.361707 0.004565 0.003731
0 0.576194 0.362407 0.024579 0.005597
0 0.591292 0.359142 0.003511 0.002332
0 0.550386 0.359841 0.011587 0.004664
0 0.615520 0.360541 0.013343 0.006996
0 0.269663 0.357743 0.002809 0.002332
0 0.457163 0.357393 0.002107 0.002099
0 0.599719 0.360658 0.012640 0.009095
0 0.588659 0.356810 0.003160 0.001399
0 0.629565 0.359375 0.013343 0.010261
0 0.296699 0.354594 0.002107 0.002099
0 0.647999 0.353895 0.003862 0.002565
0 0.641678 0.354594 0.008076 0.004431
0 0.540906 0.352262 0.004565 0.002565
0 0.609199 0.353895 0.018961 0.006297
0 0.612008 0.350280 0.007022 0.003265
0 0.639396 0.349114 0.002809 0.001866
0 0.534586 0.346665 0.002458 0.001632
0 0.651334 0.346432 0.004916 0.003032
0 0.643785 0.346782 0.004565 0.003731
0 0.630091 0.345849 0.003160 0.001866
0 0.639572 0.345382 0.003862 0.002332
0 0.633251 0.343050 0.003862 0.003731
0 0.222612 0.342351 0.004916 0.002332
0 0.617451 0.340718 0.011587 0.002799
0 0.258427 0.336870 0.004916 0.002565
0 0.202423 0.336754 0.005267 0.002799
0 0.375176 0.336054 0.003160 0.001866
0 0.334270 0.335005 0.004213 0.002099
0 0.250351 0.334888 0.002809 0.002332
0 0.645014 0.342817 0.058989 0.019123
0 0.626931 0.330107 0.001756 0.001166
0 0.250176 0.330924 0.007374 0.002799
0 0.327949 0.331390 0.005618 0.004198
0 0.350948 0.343517 0.033357 0.030317
0 0.633076 0.331157 0.011938 0.006063
0 0.764747 0.329408 0.003511 0.003032
0 0.377282 0.327659 0.002458 0.001399
0 0.364817 0.328591 0.007022 0.004198
0 0.248244 0.327076 0.007022 0.003032
0 0.377107 0.325910 0.002107 0.001632
0 0.345506 0.327659 0.005618 0.005597
0 0.342872 0.321245 0.015801 0.005830
0 0.248069 0.320196 0.010183 0.003731
0 0.273350 0.317980 0.004565 0.002099
0 0.154846 0.317164 0.006320 0.004664
0 0.312676 0.315299 0.007374 0.005131
0 0.322156 0.314482 0.005969 0.006763
0 0.273174 0.312966 0.008427 0.004198
0 0.300737 0.310751 0.005969 0.002099
0 0.288799 0.312267 0.006671 0.005597
0 0.330583 0.313200 0.008778 0.010728
0 0.272472 0.308652 0.006320 0.003032
0 0.310042 0.305504 0.004213 0.003731
0 0.290730 0.302355 0.005618 0.003498
0 0.315309 0.293027 0.004916 0.003032
0 0.305126 0.292677 0.004213 0.003731
0 0.845506 0.291511 0.006320 0.003265
0 0.589185 0.263410 0.004213 0.003965
0 0.596383 0.260028 0.003160 0.002332
0 0.811096 0.261660 0.019663 0.006530
0 0.576018 0.256880 0.003160 0.001632
0 0.535112 0.251399 0.002809 0.001399
0 0.748420 0.249067 0.005267 0.002332
0 0.543890 0.246968 0.002107 0.001866
0 0.532479 0.248018 0.003862 0.003965
0 0.759656 0.245686 0.003862 0.002099
0 0.633778 0.245569 0.002809 0.001866
0 0.679424 0.245919 0.008427 0.003498
0 0.774930 0.248717 0.010534 0.010494
0 0.794768 0.244170 0.004565 0.003265
0 0.764221 0.241954 0.005969 0.001632
0 0.735253 0.241488 0.004916 0.002565
0 0.602177 0.239739 0.003511 0.002332
0 0.754740 0.240322 0.020716 0.008162
0 0.666784 0.234142 0.005618 0.004198
0 0.789326 0.236590 0.016854 0.010961
0 0.779670 0.233209 0.003862 0.004664
0 0.769838 0.231110 0.005267 0.003265
0 0.750702 0.230527 0.007725 0.005830
0 0.686973 0.228661 0.003862 0.002565
0 0.651510 0.228545 0.004565 0.002332
0 0.775632 0.227262 0.004213 0.002099
0 0.709621 0.224580 0.004213 0.002799
0 0.646067 0.224230 0.004213 0.003032
0 0.681882 0.223764 0.009831 0.004431
0 0.706636 0.219916 0.003862 0.002799
0 0.459094 0.219216 0.005969 0.002799
0 0.808111 0.224697 0.026334 0.017491
0 0.415028 0.211171 0.008427 0.003498
0 0.408532 0.208022 0.007374 0.002332
0 0.640625 0.207439 0.005969 0.004431
0 0.415379 0.206273 0.004213 0.002565
0 0.430302 0.202076 0.005267 0.002565
0 0.430829 0.197062 0.009831 0.005597
0 0.592346 0.191465 0.005618 0.002332
0 0.611131 0.189832 0.005267 0.003265
0 0.593926 0.188549 0.003862 0.002099
0 0.666959 0.169893 0.008076 0.003498
0 0.623596 0.169776 0.006320 0.003731
0 0.685218 0.167910 0.015098 0.005597
0 0.661692 0.165229 0.008778 0.002565
0 0.643083 0.168610 0.027037 0.009795
0 0.628862 0.163596 0.004213 0.003032
0 0.678195 0.163713 0.008778 0.006530
0 0.568645 0.159748 0.009480 0.006063
0 0.680126 0.157183 0.007725 0.003265
0 0.697683 0.157766 0.012640 0.005830
0 0.638343 0.155550 0.002809 0.001866
0 0.520190 0.154035 0.005969 0.004431
0 0.691187 0.153335 0.005267 0.003498
0 0.624473 0.155084 0.013694 0.007463
0 0.695927 0.151236 0.004213 0.001632
0 0.659937 0.149953 0.003160 0.002799
0 0.712254 0.148787 0.005267 0.002332
0 0.639045 0.148088 0.004213 0.002799
0 0.623596 0.147038 0.005618 0.004897
0 0.640801 0.143773 0.004213 0.002099
0 0.676615 0.146222 0.017556 0.010728
0 0.663448 0.142024 0.003862 0.002799
0 0.594803 0.140392 0.006320 0.002799
0 0.749824 0.140508 0.004565 0.003498
0 0.668188 0.138293 0.007022 0.003731
0 0.705407 0.138759 0.012640 0.005131
0 0.729459 0.136777 0.008076 0.002099
0 0.720857 0.138176 0.015449 0.007696
0 0.496313 0.084538 0.008778 0.005830
0 0.684340 0.047225 0.018961 0.007229
0 0.699438 0.031950 0.025281 0.006530
