0 0.357093 0.555854 0.005618 0.003965
0 0.280548 0.542910 0.003511 0.003265
0 0.254565 0.527985 0.002809 0.001866
0 0.279670 0.526469 0.009480 0.006763
0 0.295119 0.524604 0.015801 0.006763
0 0.245260 0.519939 0.002458 0.002099
0 0.294417 0.519823 0.003160 0.002332
0 0.340765 0.518657 0.001756 0.002332
0 0.311271 0.514925 0.010885 0.009328
0 0.212430 0.507113 0.002107 0.003032
0 0.334972 0.507463 0.015449 0.009795
0 0.219101 0.505364 0.007725 0.006996
0 0.311622 0.502332 0.004565 0.003265
0 0.281426 0.504664 0.007374 0.007929
0 0.982268 0.501982 0.009480 0.006763
0 0.232093 0.501049 0.016854 0.008629
0 0.312851 0.496852 0.002809 0.002099
0 0.305653 0.497085 0.006671 0.003965
0 0.268258 0.497551 0.015449 0.010961
0 1.037570 0.492537 0.004213 0.003265
0 1.010534 0.488106 0.002809 0.003265
0 0.251053 0.491604 0.010534 0.015392
0 0.235077 0.484608 0.003160 0.001866
0 0.223841 0.484492 0.002458 0.001632
0 0.239642 0.480061 0.003160 0.003032
0 0.516503 0.448694 0.013343 0.010261
0 1.193469 0.428288 0.005618 0.002565
0 0.529670 0.426306 0.005267 0.003265
0 0.243855 0.422924 0.002458 0.001632
0 0.526685 0.419193 0.004213 0.003032
0 0.533708 0.418144 0.004916 0.005597
0 0.233322 0.414646 0.005969 0.003265
0 0.540730 0.414762 0.004916 0.006297
0 0.531426 0.413013 0.004565 0.004198
0 0.547051 0.410798 0.004916 0.004431
0 0.223490 0.409398 0.002458 0.002099
0 0.330407 0.413130 0.010534 0.011427
0 0.226650 0.408116 0.002458 0.001866
0 0.672051 0.408349 0.007022 0.002799
0 0.507022 0.407649 0.007022 0.003731
0 0.258076 0.408582 0.011938 0.009328
0 0.219277 0.405201 0.005969 0.003032
0 0.219628 0.401702 0.002458 0.001632
0 0.215239 0.401936 0.002809 0.002099
0 0.237886 0.405900 0.015801 0.011427
0 0.251580 0.399953 0.002458 0.001399
0 0.269136 0.400070 0.006671 0.004431
0 0.243680 0.396572 0.003511 0.002099
0 0.225246 0.396922 0.003160 0.002799
0 0.255091 0.396222 0.003862 0.002799
0 0.658532 0.399021 0.011587 0.008862
0 0.260007 0.395989 0.003862 0.003265
0 0.214010 0.396339 0.005267 0.005830
0 0.235604 0.394240 0.006320 0.005364
0 0.248947 0.391441 0.002107 0.001632
0 0.227353 0.392257 0.005267 0.003731
0 0.673631 0.388876 0.002458 0.001632
0 0.669593 0.387127 0.002809 0.002799
0 0.258603 0.388526 0.008076 0.006063
0 0.671699 0.384678 0.002107 0.001166
0 0.665028 0.384212 0.002107 0.001632
0 0.440485 0.382812 0.005969 0.002565
0 0.909410 0.382696 0.007022 0.005131
0 0.238588 0.378148 0.015098 0.008162
0 0.918715 0.353195 0.007374 0.006763
0 0.913799 0.334422 0.005267 0.002799
0 1.021419 0.319963 0.004213 0.002799
0 0.385358 0.289762 0.002458 0.001632
0 0.200843 0.278218 0.002107 0.001866
0 0.194171 0.275420 0.003511 0.002332
0 0.189431 0.274021 0.003160 0.002799
0 0.979986 0.271805 0.007022 0.006297
0 0.962781 0.271455 0.006320 0.006063
0 0.238062 0.267491 0.003511 0.001866
0 0.259831 0.267491 0.003511 0.002799
0 0.987711 0.263410 0.004213 0.003498
0 0.981566 0.264226 0.005969 0.006063
0 0.230864 0.257696 0.001756 0.000933
0 0.253160 0.261894 0.021067 0.013993
0 0.238588 0.255014 0.001756 0.001166
0 0.222963 0.254664 0.003511 0.002332
0 0.987184 0.255014 0.005267 0.005830
0 0.252458 0.252915 0.002107 0.002565
0 0.257198 0.249767 0.002458 0.001866
0 0.204529 0.249184 0.006671 0.002565
0 0.221208 0.248368 0.002107 0.002332
0 0.977528 0.247551 0.004213 0.003032
0 0.982971 0.246269 0.005267 0.003731
0 0.363413 0.233675 0.009129 0.006063
0 0.372191 0.221782 0.012640 0.008396
0 0.393610 0.218867 0.002809 0.003032
0 0.234024 0.198694 0.003862 0.002799
0 0.297051 0.177822 0.004213 0.003032
0 0.907654 0.177122 0.004916 0.003498
0 0.662219 0.157183 0.008427 0.005597
0 0.538097 0.155084 0.003160 0.005131
0 0.654846 0.153218 0.002107 0.001866
0 0.659235 0.152635 0.002458 0.001166
0 0.647999 0.151119 0.002458 0.001866
0 0.426264 0.149953 0.004213 0.002332
0 0.426615 0.146572 0.002107 0.001632
0 0.435042 0.143307 0.001404 0.000700
0 0.331285 0.144356 0.003160 0.005131
0 0.645190 0.139692 0.002458 0.002332
0 0.385709 0.138993 0.002458 0.001866
0 0.436798 0.137243 0.002107 0.001632
0 0.390976 0.137360 0.001756 0.001866
0 0.414853 0.135844 0.002458 0.001166
0 0.406777 0.135611 0.001756 0.002099
0 0.356215 0.134678 0.001756 0.001632
0 0.402212 0.131530 0.001756 0.001399
0 0.392029 0.129431 0.003862 0.003731
0 0.628511 0.127565 0.002107 0.001866
0 0.642907 0.126632 0.002107 0.002799
0 0.603757 0.126866 0.004565 0.003265
0 0.416959 0.124767 0.001756 0.000933
0 0.352879 0.126749 0.007725 0.004897
0 0.628336 0.122318 0.003862 0.002099
0 0.377633 0.126049 0.012992 0.009562
0 0.358497 0.121502 0.001404 0.001399
0 0.405197 0.120452 0.001404 0.000700
0 0.599192 0.121618 0.004565 0.003498
0 0.635358 0.121269 0.002458 0.003265
0 0.624298 0.119869 0.007022 0.004198
0 0.399930 0.119053 0.004213 0.003032
0 0.375878 0.116721 0.003160 0.002099
0 0.428195 0.116138 0.003160 0.001866
0 0.618153 0.114739 0.002458 0.001866
0 0.626931 0.114622 0.003160 0.002099
0 0.380618 0.114972 0.003511 0.002799
0 0.628511 0.112640 0.002107 0.001866
0 0.373420 0.112407 0.005267 0.003265
0 0.360428 0.111007 0.002458 0.002332
0 0.431531 0.109958 0.002809 0.002099
0 0.393961 0.113456 0.018258 0.010028
0 0.365520 0.110075 0.004916 0.003265
0 0.371313 0.107859 0.001756 0.001166
0 0.378160 0.105993 0.002107 0.002099
0 0.612360 0.108442 0.011236 0.007463
0 0.602177 0.102146 0.003511 0.001866
0 0.378862 0.100863 0.001404 0.001166
0 0.592872 0.099813 0.003160 0.001866
0 0.580232 0.101096 0.005969 0.005830
0 0.567065 0.100280 0.002809 0.004198
0 0.562676 0.098997 0.002458 0.001632
0 0.590063 0.094799 0.003160 0.002565
0 0.607444 0.095616 0.015449 0.010728
0 0.632725 0.096199 0.018258 0.016558
0 0.656777 0.088153 0.003160 0.004198
0 0.653792 0.086870 0.002107 0.001632
0 0.626580 0.084655 0.002458 0.001866
0 0.632725 0.086404 0.008427 0.007696
0 0.587254 0.084188 0.011587 0.008862
0 0.647647 0.082789 0.007374 0.009328
0 0.588834 0.073461 0.002809 0.001866
0 0.645014 0.070196 0.007725 0.005597
0 0.605513 0.071828 0.008076 0.008862
0 0.617802 0.075093 0.024228 0.017257
0 0.619909 0.064132 0.002458 0.001866
0 0.608146 0.064132 0.003511 0.001866
0 0.460147 0.063083 0.001053 0.001166
0 0.627458 0.045009 0.013343 0.007463
0 1.013694 0.034165 0.009831 0.011894
0 0.739993 0.029501 0.004565 0.004897
0 0.702949 0.018773 0.007022 0.005830
0 0.909937 0.006180 0.001756 0.001166
0 0.859375 0.004314 0.003862 0.005830
0 0.888518 0.003498 0.020716 0.006530
