0 0.300035 0.545359 0.008778 0.006297
0 0.531777 0.535798 0.005267 0.003032
0 0.461201 0.521105 0.008076 0.005364
0 0.465765 0.514925 0.011587 0.005131
0 0.685042 0.508162 0.004916 0.002799
0 1.054775 0.489039 0.005618 0.004198
0 1.059867 0.484492 0.008076 0.003965
0 1.079881 0.476096 0.006671 0.004431
0 0.681706 0.474813 0.003862 0.002332
0 1.069347 0.468983 0.006671 0.002799
0 1.050211 0.470849 0.023174 0.011660
0 1.024228 0.467584 0.009831 0.006063
0 1.066011 0.463619 0.004213 0.003265
0 1.101299 0.462803 0.005267 0.003965
0 0.831285 0.457206 0.003862 0.002565
0 1.081285 0.458722 0.012289 0.009328
0 1.069874 0.456856 0.007022 0.005597
0 1.055829 0.454524 0.005618 0.003265
0 1.235604 0.448811 0.007725 0.004431
0 1.225597 0.447528 0.005267 0.003265
0 1.074965 0.447062 0.005267 0.006530
0 1.028792 0.449627 0.018258 0.012127
0 1.085850 0.441581 0.012289 0.009095
0 0.999298 0.440299 0.007022 0.008396
0 0.994909 0.431670 0.006671 0.004198
0 1.088659 0.427472 0.005969 0.004198
0 0.926791 0.425023 0.004565 0.003965
0 1.028617 0.423624 0.011587 0.004897
0 1.068118 0.420359 0.004213 0.004897
0 1.052844 0.420826 0.005969 0.006763
0 0.937149 0.420826 0.007022 0.009562
0 0.600772 0.416744 0.004916 0.003265
0 1.040028 0.416861 0.009129 0.006297
0 0.919593 0.416978 0.014747 0.009328
0 0.936447 0.411730 0.004213 0.006297
0 1.037570 0.410215 0.011938 0.006996
0 1.115520 0.405434 0.019663 0.012360
0 0.974719 0.397388 0.004916 0.004198
0 0.796875 0.392491 0.002458 0.001866
0 0.998069 0.392840 0.005267 0.005364
0 0.758076 0.382346 0.002809 0.003032
0 1.000000 0.381763 0.002809 0.002332
0 0.994733 0.381297 0.002107 0.001399
0 0.972086 0.381413 0.003160 0.002099
0 0.922051 0.379081 0.005618 0.004431
0 0.787921 0.378848 0.003511 0.003965
0 0.771243 0.379781 0.016503 0.009562
0 0.746138 0.377565 0.009831 0.008396
0 0.873244 0.375117 0.003511 0.003965
0 0.996664 0.373717 0.004565 0.003032
0 0.987535 0.369170 0.003862 0.002332
0 0.905197 0.366954 0.003511 0.003032
0 0.899579 0.366021 0.002809 0.003032
0 0.992626 0.367654 0.004213 0.006763
0 1.059515 0.362873 0.006671 0.003731
0 0.939431 0.361241 0.002458 0.000933
0 0.910288 0.361124 0.004565 0.005830
0 0.964361 0.360541 0.007374 0.005131
0 1.035815 0.378615 0.042837 0.043610
0 1.005618 0.363689 0.017556 0.015159
0 0.767029 0.352029 0.002458 0.001632
0 1.047928 0.351912 0.002458 0.002332
0 0.935218 0.353661 0.009480 0.006297
0 0.754389 0.351096 0.003160 0.001632
0 1.007198 0.352729 0.013694 0.006763
0 0.912044 0.349697 0.002458 0.002099
0 1.031074 0.349930 0.006671 0.003032
0 0.948034 0.348181 0.003511 0.002332
0 0.931531 0.348531 0.005618 0.003498
0 0.358497 0.348298 0.004916 0.003032
0 0.985428 0.356460 0.027037 0.019823
0 0.925913 0.347132 0.011236 0.007696
0 0.786166 0.344100 0.004916 0.003498
0 1.028617 0.343633 0.010885 0.006763
0 1.045822 0.340835 0.003160 0.002565
0 0.972612 0.345965 0.019663 0.017024
0 0.796524 0.340485 0.008778 0.006063
0 1.058989 0.337220 0.002809 0.001866
0 0.810920 0.337104 0.010183 0.006763
0 0.732619 0.336754 0.010885 0.006063
0 0.753336 0.338270 0.018610 0.010028
0 0.820225 0.334655 0.005618 0.005131
0 1.072507 0.336754 0.017907 0.013060
0 0.826194 0.332556 0.004916 0.005597
0 0.986482 0.327775 0.007374 0.004897
0 0.770365 0.324743 0.004916 0.003032
0 1.086025 0.329641 0.014747 0.013293
0 0.972612 0.323694 0.003511 0.002332
0 0.740169 0.327659 0.014747 0.010261
0 0.660815 0.326259 0.013343 0.008396
0 0.972086 0.319846 0.003160 0.002099
0 0.638518 0.318447 0.006671 0.004431
0 1.067591 0.323577 0.023525 0.018890
0 0.977528 0.315182 0.009831 0.004431
0 1.047577 0.315532 0.012289 0.006530
0 1.052493 0.311567 0.005267 0.004664
0 1.054600 0.307486 0.003160 0.002099
0 0.989817 0.305970 0.002809 0.001866
0 0.950492 0.324044 0.042135 0.038013
0 1.015625 0.307603 0.008076 0.005597
0 1.063553 0.305387 0.004213 0.003032
0 1.072507 0.302822 0.010885 0.005830
0 1.050211 0.301539 0.011236 0.004664
0 0.942065 0.300956 0.004213 0.003498
0 1.046173 0.297924 0.003862 0.002565
0 0.900983 0.297458 0.004213 0.002565
0 0.980513 0.295243 0.003160 0.001866
0 1.026159 0.303405 0.022121 0.022388
0 0.991749 0.295126 0.017205 0.007696
0 0.897823 0.290462 0.002809 0.002565
0 0.987184 0.290462 0.005969 0.004431
0 0.981215 0.288596 0.003160 0.002099
0 0.842697 0.278918 0.002809 0.002332
0 1.051088 0.287080 0.045295 0.024720
0 0.858146 0.273321 0.007022 0.006063
0 1.004740 0.277635 0.038272 0.020756
0 0.962605 0.282999 0.029846 0.031950
0 0.918364 0.282533 0.051615 0.032416
0 0.972963 0.265858 0.007022 0.003265
0 1.000176 0.262943 0.007374 0.002565
0 1.247015 0.259212 0.005969 0.003032
0 1.141503 0.257346 0.004213 0.002565
0 1.221383 0.250933 0.006671 0.004198
0 1.139923 0.250350 0.024228 0.011427
0 1.110779 0.245569 0.013694 0.008396
0 1.126404 0.243004 0.005618 0.004664
0 1.119558 0.240905 0.006671 0.003731
0 1.132549 0.239506 0.007374 0.003265
0 0.967170 0.238573 0.003862 0.002799
0 1.162219 0.225513 0.010534 0.005131
0 1.001756 0.212453 0.005618 0.004664
0 0.709621 0.203125 0.003511 0.002332
0 0.723315 0.200443 0.003511 0.002099
0 0.712605 0.198811 0.006671 0.003498
0 0.452072 0.194613 0.003160 0.002099
0 0.720330 0.192631 0.003160 0.002332
0 0.706110 0.187966 0.014747 0.013993
0 0.697858 0.181320 0.003862 0.001632
0 0.715414 0.180504 0.007374 0.005131
0 0.761060 0.183186 0.009480 0.012360
0 0.725772 0.172108 0.004916 0.003265
0 0.769663 0.171175 0.003511 0.001866
0 0.761412 0.158582 0.006671 0.003731
0 1.123596 0.155317 0.004213 0.002799
0 0.709445 0.157183 0.008778 0.006996
0 0.749298 0.162663 0.029494 0.018424
0 0.732268 0.153801 0.005267 0.003032
0 0.721032 0.154967 0.008076 0.006297
0 0.749824 0.151236 0.007374 0.005364
0 0.696278 0.158232 0.039326 0.024953
0 0.736131 0.147854 0.015801 0.007463
0 0.710674 0.137593 0.021067 0.014459
0 0.732971 0.133279 0.019312 0.010494
0 0.720154 0.120452 0.016854 0.007229
0 0.698912 0.117421 0.014396 0.008162
0 1.159761 0.112757 0.002809 0.002099
0 1.113237 0.109142 0.003862 0.002332
0 0.627282 0.108909 0.003862 0.003265
0 0.587781 0.107743 0.009129 0.005131
0 0.577423 0.120686 0.021419 0.031017
0 0.699965 0.106693 0.012289 0.008162
0 0.712430 0.102845 0.016152 0.007463
0 1.143610 0.069729 0.004916 0.002799
0 0.899579 0.049674 0.007022 0.004664
0 0.701018 0.048507 0.008778 0.003731
0 1.092872 0.042327 0.004565 0.003032
