0 0.716819 0.396688 0.005267 0.003731
0 0.696629 0.395289 0.033006 0.014459
0 0.698736 0.383745 0.018258 0.008162
0 0.592346 0.380131 0.001404 0.001399
0 0.472261 0.380014 0.003511 0.002099
0 0.566187 0.379548 0.002458 0.002099
0 0.412921 0.380714 0.008427 0.004431
0 0.613062 0.374650 0.002107 0.001166
0 0.575492 0.375700 0.004213 0.003265
0 0.447156 0.372785 0.003862 0.003032
0 0.547226 0.370802 0.001756 0.001399
0 0.551791 0.370452 0.003160 0.002099
0 0.575140 0.368470 0.002107 0.002332
0 0.572331 0.368470 0.002809 0.002332
0 0.615169 0.368004 0.002809 0.002332
0 0.564080 0.365788 0.001756 0.002099
0 0.559164 0.364855 0.002458 0.002565
0 0.584972 0.362990 0.002809 0.001632
0 0.607444 0.362290 0.002809 0.002099
0 0.790028 0.364156 0.015449 0.006763
0 0.811622 0.362990 0.012289 0.005830
0 0.599368 0.360774 0.002107 0.001399
0 0.723315 0.359025 0.003511 0.002565
0 0.601826 0.356460 0.002809 0.001632
0 0.579529 0.355877 0.004565 0.002799
0 0.826369 0.356810 0.006671 0.007463
0 0.747367 0.352729 0.004565 0.003498
0 0.754389 0.352495 0.003862 0.003498
0 0.903968 0.351096 0.008076 0.004431
0 0.608673 0.348997 0.001756 0.002099
0 0.858848 0.345732 0.003511 0.003032
0 0.555653 0.343633 0.006671 0.003965
0 0.422226 0.335471 0.005969 0.003032
0 0.830934 0.335354 0.007374 0.004664
0 0.759656 0.331623 0.003160 0.001866
0 0.422753 0.331507 0.006320 0.003498
0 0.428722 0.332323 0.004916 0.006063
0 0.778265 0.337687 0.034059 0.017724
0 0.809691 0.330457 0.003511 0.005597
0 0.842697 0.325793 0.007022 0.004198
0 0.779143 0.325443 0.005618 0.003498
0 0.858146 0.318797 0.004213 0.003265
0 0.826369 0.319846 0.006671 0.006297
0 0.782654 0.317281 0.009129 0.004897
0 0.405197 0.319613 0.015449 0.012826
0 0.888694 0.307136 0.007022 0.002799
0 0.868680 0.307486 0.004916 0.004431
0 0.265801 0.307952 0.009129 0.007229
0 0.385358 0.307719 0.005267 0.007229
0 0.879038 0.305504 0.008076 0.008862
0 0.863588 0.298274 0.005969 0.003265
0 0.898174 0.298391 0.008427 0.004897
0 0.789326 0.296992 0.005618 0.004897
0 0.886236 0.293027 0.011236 0.006297
0 0.835674 0.296175 0.021770 0.019123
0 0.847261 0.284981 0.007022 0.002332
0 0.547051 0.233675 0.004916 0.003731
