0 0.838483 0.653918 0.004916 0.002332
0 0.838308 0.640508 0.003160 0.002099
0 0.833567 0.639109 0.004916 0.003032
0 0.876756 0.622901 0.005618 0.004664
0 0.772121 0.620336 0.007022 0.003731
0 0.805829 0.619986 0.016854 0.009562
0 0.819698 0.617304 0.008778 0.008862
0 0.800737 0.613689 0.006671 0.003032
0 0.806531 0.612640 0.003511 0.002332
0 0.844803 0.611824 0.002809 0.001632
0 0.809515 0.611474 0.001756 0.001399
0 0.813553 0.612290 0.004213 0.003498
0 0.793539 0.610658 0.007725 0.003032
0 0.820576 0.610308 0.004213 0.002799
0 0.771945 0.608675 0.010183 0.008862
0 0.855162 0.605177 0.003862 0.002332
0 1.051615 0.606227 0.007725 0.005364
0 0.792135 0.604128 0.005618 0.003498
0 0.875702 0.601329 0.002107 0.002099
0 1.021770 0.600863 0.007725 0.004431
0 0.896594 0.600047 0.005969 0.003731
0 0.784586 0.598997 0.005969 0.008162
0 1.025983 0.596782 0.015449 0.004198
0 0.793715 0.593983 0.003160 0.001866
0 0.887640 0.593750 0.005618 0.003265
0 1.000000 0.591418 0.004916 0.002799
0 0.892907 0.590485 0.004213 0.002799
0 1.012114 0.590135 0.005267 0.003498
0 0.854108 0.589086 0.007374 0.001866
0 0.891854 0.582556 0.008427 0.009328
0 0.880794 0.581390 0.010183 0.007463
0 0.804073 0.581740 0.016854 0.010494
0 1.012640 0.576026 0.004916 0.003265
0 0.749298 0.573344 0.020365 0.008629
0 0.775632 0.578008 0.015449 0.018424
0 0.544242 0.567048 0.007725 0.004431
0 0.886236 0.568913 0.015449 0.015159
0 0.988764 0.563200 0.008427 0.004198
0 0.907303 0.569263 0.018258 0.020056
0 0.747542 0.558069 0.002107 0.001399
0 0.686096 0.558302 0.003511 0.002332
0 0.815309 0.555970 0.003511 0.001866
0 0.878511 0.557486 0.011938 0.006763
0 0.860253 0.553288 0.004916 0.002565
0 0.890976 0.552355 0.003862 0.002565
0 0.850421 0.551772 0.003511 0.001866
0 0.813553 0.552006 0.002809 0.002332
0 0.980162 0.553871 0.020014 0.007463
0 1.091117 0.550956 0.005267 0.003032
0 0.841468 0.547575 0.002458 0.001399
0 1.063378 0.548274 0.006671 0.003265
0 0.827774 0.549324 0.007374 0.005364
0 1.101124 0.547458 0.002107 0.002099
0 0.820225 0.548391 0.007022 0.004897
0 1.001756 0.547341 0.009129 0.003265
0 0.801088 0.551189 0.010885 0.010961
0 0.930302 0.546642 0.003862 0.003731
0 0.806882 0.545709 0.006320 0.003265
0 0.784586 0.545126 0.002458 0.002099
0 0.760709 0.545126 0.003862 0.003032
0 0.781250 0.557136 0.030899 0.027985
0 0.861131 0.542910 0.003160 0.002799
0 0.382725 0.543610 0.009129 0.006530
0 1.022296 0.541395 0.010183 0.004431
0 0.866397 0.541278 0.005969 0.004198
0 1.063027 0.539995 0.005969 0.002565
0 1.114115 0.540345 0.006320 0.003731
0 0.885885 0.543843 0.012640 0.010728
0 0.856742 0.538013 0.004213 0.002799
0 0.800562 0.538013 0.016152 0.008396
0 0.867275 0.533116 0.003511 0.002332
0 0.898876 0.534165 0.004916 0.005830
0 0.998069 0.532066 0.007374 0.002565
0 0.751404 0.532766 0.013343 0.006297
0 0.829881 0.536381 0.043188 0.014925
0 1.080407 0.530550 0.007725 0.003731
0 1.110955 0.528451 0.004213 0.003265
0 0.950140 0.531017 0.017556 0.010728
0 0.826545 0.526003 0.010534 0.004897
0 1.092521 0.521805 0.005267 0.003498
0 0.891854 0.521455 0.004213 0.003265
0 0.960850 0.520406 0.029846 0.012360
0 0.987535 0.515159 0.007374 0.003265
0 0.874824 0.509678 0.003160 0.002099
0 0.857971 0.508512 0.003160 0.002099
0 0.952598 0.508979 0.012640 0.003965
0 0.849368 0.507463 0.003511 0.002799
0 0.855162 0.505480 0.003160 0.002099
0 0.869909 0.501399 0.003862 0.002332
0 0.862711 0.502332 0.006320 0.004198
0 0.885885 0.501283 0.004213 0.003032
0 1.112008 0.474813 0.007022 0.006530
0 0.715765 0.466301 0.003160 0.002565
0 1.081461 0.471432 0.020365 0.014692
0 0.996138 0.468167 0.009831 0.008629
0 1.054424 0.466884 0.017556 0.006996
0 1.109726 0.463736 0.002458 0.002099
0 0.741222 0.464086 0.004213 0.002799
0 1.088483 0.464319 0.003511 0.003731
0 0.737711 0.461171 0.002107 0.002099
0 1.016327 0.465368 0.022823 0.010961
0 0.769136 0.461637 0.003160 0.003498
0 1.110604 0.460238 0.002809 0.001632
0 0.728933 0.460238 0.003511 0.002565
0 0.850948 0.456973 0.007374 0.003965
0 0.720681 0.455807 0.008076 0.004897
0 1.006145 0.455807 0.010885 0.006297
0 1.076545 0.456856 0.009129 0.009328
0 0.796699 0.452542 0.003511 0.002565
0 1.039853 0.456740 0.015801 0.014226
0 0.752107 0.449160 0.002809 0.001866
0 1.085674 0.450093 0.009831 0.006996
0 1.060393 0.449044 0.009831 0.005830
0 1.004565 0.447878 0.006320 0.003498
0 1.078125 0.446479 0.004565 0.002565
0 0.973315 0.448344 0.009129 0.007229
0 1.029319 0.451959 0.019312 0.015858
0 0.753862 0.445429 0.005618 0.002799
0 1.069874 0.445429 0.007022 0.005131
0 1.051264 0.444963 0.013343 0.005131
0 0.993504 0.444030 0.012992 0.004664
0 1.085674 0.440998 0.007022 0.002332
0 0.854108 0.440648 0.008076 0.007229
0 0.867978 0.435984 0.004213 0.003032
0 0.943469 0.441581 0.019663 0.015159
0 0.903265 0.435051 0.003862 0.002099
0 0.835147 0.433652 0.002458 0.001632
0 1.023350 0.436800 0.015098 0.008396
0 1.053546 0.437383 0.018610 0.010494
0 0.810393 0.433535 0.004213 0.002799
0 0.877985 0.434701 0.018610 0.006530
0 0.827423 0.434585 0.008076 0.008629
0 0.986657 0.433302 0.009831 0.006996
0 1.008954 0.430620 0.005267 0.003498
0 0.971559 0.432603 0.009831 0.007463
0 0.822858 0.428288 0.002458 0.001632
0 1.033883 0.429104 0.010885 0.004664
0 0.880442 0.428638 0.005267 0.004664
0 0.829705 0.425023 0.002809 0.002099
0 1.102177 0.424557 0.003511 0.002565
0 0.822683 0.424207 0.001404 0.001866
0 0.971910 0.422341 0.009129 0.002799
0 0.788624 0.436800 0.042837 0.034049
0 0.897121 0.427705 0.019663 0.018657
0 1.085147 0.416045 0.003160 0.004198
0 0.974895 0.411147 0.006671 0.005597
0 0.929951 0.425606 0.067767 0.036847
0 1.085850 0.407416 0.003862 0.003731
0 1.080758 0.405900 0.003511 0.003032
0 0.799157 0.398554 0.002809 0.001399
0 0.780197 0.399021 0.003511 0.002799
0 0.789853 0.397038 0.002458 0.002099
0 1.143258 0.396805 0.002809 0.002099
0 0.995787 0.404501 0.027388 0.018424
0 1.020014 0.411730 0.080758 0.034282
0 0.961903 0.394590 0.004565 0.002799
0 0.701721 0.394473 0.003160 0.002565
0 0.801088 0.391558 0.003160 0.002332
0 1.108322 0.391091 0.003862 0.002799
0 0.788272 0.390275 0.002809 0.001632
0 1.099719 0.392724 0.014747 0.006996
0 0.772121 0.390508 0.004916 0.002565
0 1.123069 0.392374 0.015098 0.008162
0 0.817591 0.390625 0.003862 0.004664
0 0.829529 0.389342 0.003862 0.003032
0 0.697331 0.389342 0.004213 0.003032
0 0.801440 0.388759 0.002458 0.002332
0 1.028090 0.387477 0.004213 0.003032
0 0.777739 0.387010 0.004213 0.003032
0 1.080407 0.388176 0.009129 0.006763
0 0.669944 0.384328 0.004213 0.003731
0 0.684691 0.385728 0.009831 0.007463
0 1.140098 0.384445 0.010534 0.007229
0 0.886060 0.380714 0.003862 0.002565
0 0.708919 0.381880 0.020365 0.009095
0 1.069874 0.377799 0.003511 0.001866
0 1.058111 0.384795 0.014396 0.018657
0 1.085850 0.375583 0.005969 0.004431
0 0.781952 0.376166 0.009831 0.006530
0 0.798455 0.373951 0.004916 0.003498
0 0.767205 0.372201 0.003511 0.002332
0 1.064256 0.372085 0.007022 0.002565
0 1.076018 0.372318 0.007374 0.003965
0 0.780021 0.370686 0.004565 0.003032
0 0.761060 0.369286 0.003862 0.003032
0 0.905899 0.368120 0.003511 0.002565
0 0.686096 0.365905 0.002107 0.001399
0 0.880267 0.366721 0.004213 0.003498
0 0.752809 0.365905 0.002809 0.001866
0 0.698209 0.366021 0.008076 0.003965
0 1.090765 0.363340 0.009480 0.003265
0 0.781426 0.363223 0.006671 0.003965
0 0.663624 0.362757 0.003511 0.003032
0 0.755442 0.360075 0.008778 0.005597
0 0.676264 0.357743 0.003511 0.001866
0 0.782479 0.357160 0.002458 0.002099
0 0.757549 0.355527 0.003160 0.002099
0 0.674508 0.353895 0.004213 0.004431
0 0.763343 0.352845 0.004213 0.002799
0 0.670646 0.353078 0.002809 0.003265
0 0.775632 0.352845 0.006320 0.003731
0 0.768258 0.345732 0.003511 0.002099
0 0.652563 0.343050 0.003160 0.003265
0 0.689607 0.343867 0.007725 0.005364
0 0.728406 0.358092 0.042486 0.037547
0 0.722261 0.340718 0.005618 0.002799
0 0.757900 0.341418 0.008778 0.005131
0 0.764747 0.337337 0.013343 0.004431
0 0.791608 0.333955 0.003862 0.001866
0 1.050386 0.334188 0.007374 0.004664
0 0.992451 0.332556 0.006671 0.004664
0 0.779143 0.331973 0.004213 0.003965
0 1.045997 0.330924 0.002107 0.002332
0 0.769838 0.330807 0.008778 0.003965
0 1.045119 0.328125 0.001756 0.001866
0 0.615871 0.330107 0.009831 0.006763
0 1.005091 0.329174 0.013694 0.005830
0 1.043364 0.325560 0.001756 0.001399
0 1.040028 0.325676 0.004213 0.002099
0 0.780372 0.326376 0.010183 0.005830
0 1.034937 0.322878 0.004565 0.003032
0 0.825316 0.322528 0.005969 0.004198
0 1.021419 0.317864 0.002809 0.001866
0 0.659235 0.318097 0.005267 0.003265
0 0.768083 0.318563 0.017205 0.008862
0 1.027914 0.316581 0.006671 0.005364
0 0.797402 0.322878 0.022472 0.018424
0 0.714888 0.316231 0.005618 0.005597
0 0.833041 0.315765 0.005267 0.007929
0 0.616046 0.313316 0.007374 0.004897
0 1.052669 0.316814 0.009129 0.012360
0 1.061271 0.315532 0.010183 0.011194
0 0.740871 0.317514 0.023174 0.015159
0 0.791257 0.310051 0.003160 0.003032
0 0.761938 0.310401 0.005618 0.004198
0 0.711903 0.308535 0.002458 0.001399
0 0.847612 0.308535 0.003511 0.002799
0 0.670646 0.319846 0.016854 0.026353
0 0.593750 0.306903 0.003511 0.003265
0 0.588834 0.306320 0.002809 0.002099
0 0.926966 0.306437 0.004916 0.002799
0 0.716468 0.305970 0.005267 0.002799
0 0.600421 0.306786 0.006320 0.004431
0 0.738588 0.305620 0.004565 0.003032
0 1.065309 0.305154 0.006320 0.003498
0 0.789326 0.304804 0.004916 0.003265
0 0.858146 0.304571 0.003511 0.003731
0 0.825492 0.304221 0.002107 0.003032
0 0.723490 0.303638 0.003160 0.002332
0 0.736657 0.303288 0.002107 0.002099
0 0.829529 0.303988 0.005267 0.004431
0 1.027563 0.301772 0.002458 0.001866
0 0.608322 0.305737 0.008778 0.009795
0 1.015625 0.303755 0.009480 0.006763
0 0.841468 0.303755 0.008076 0.007696
0 0.708919 0.300956 0.003511 0.003498
0 0.594277 0.300490 0.005969 0.003965
0 0.910288 0.300023 0.006671 0.004897
0 0.814080 0.302472 0.009480 0.009795
0 0.741573 0.299907 0.005618 0.004664
0 0.989993 0.297341 0.005267 0.002332
0 0.734199 0.297924 0.003511 0.003498
0 0.966117 0.308652 0.043890 0.025420
0 0.850948 0.299674 0.017205 0.009328
0 0.731215 0.295942 0.001756 0.001866
0 0.882374 0.295592 0.003511 0.002099
0 0.574438 0.295592 0.005618 0.003498
0 0.923455 0.298624 0.021067 0.012360
0 0.942240 0.296409 0.020716 0.009328
0 0.739115 0.292677 0.002107 0.001866
0 0.792135 0.292677 0.005618 0.002799
0 0.902388 0.294076 0.025281 0.006063
0 1.036868 0.292211 0.007022 0.002799
0 0.847086 0.292327 0.008778 0.004431
0 0.699789 0.295359 0.014747 0.010494
0 0.588132 0.293260 0.009129 0.006763
0 0.646770 0.292094 0.007725 0.005364
0 0.988062 0.290112 0.002107 0.001866
0 1.048982 0.297575 0.034059 0.018657
0 0.980513 0.288829 0.004565 0.003498
0 0.904494 0.288363 0.012640 0.002565
0 0.829003 0.293727 0.018961 0.013293
0 0.550211 0.288596 0.005618 0.003032
0 0.972086 0.294543 0.026334 0.015392
0 0.987535 0.287197 0.003862 0.002565
0 0.770190 0.286497 0.003862 0.003032
0 0.758954 0.286730 0.006671 0.003498
0 0.803195 0.292094 0.016503 0.014692
0 0.916608 0.286497 0.006671 0.004431
0 1.037746 0.284515 0.003862 0.002332
0 0.782654 0.283349 0.003511 0.002332
0 1.059164 0.283116 0.007374 0.002799
0 0.826194 0.282882 0.003511 0.002332
0 0.791433 0.283582 0.006320 0.004198
0 0.972612 0.282416 0.002809 0.002332
0 0.833567 0.282416 0.003511 0.002799
0 1.042662 0.281600 0.003862 0.002565
0 0.802669 0.281833 0.007725 0.003965
0 0.773876 0.281017 0.003511 0.002332
0 0.848490 0.280201 0.004565 0.003032
0 0.739993 0.283465 0.018610 0.011427
0 0.972788 0.278218 0.004565 0.002799
0 0.766327 0.277868 0.007374 0.003032
0 0.748069 0.276353 0.001053 0.000933
0 1.004213 0.289762 0.025281 0.030084
0 0.937851 0.282066 0.024579 0.017491
0 0.824263 0.274953 0.005969 0.003731
0 0.970330 0.273787 0.004565 0.002332
0 0.961552 0.277519 0.011587 0.011194
0 0.913272 0.272971 0.005618 0.003032
0 0.794242 0.275886 0.009129 0.009328
0 0.887289 0.278451 0.041433 0.014925
0 0.983146 0.276353 0.015449 0.012127
0 0.745260 0.271339 0.003160 0.002099
0 0.833567 0.272038 0.011236 0.004897
0 0.897472 0.270056 0.004916 0.001399
0 0.783532 0.272505 0.007374 0.007696
0 0.778090 0.269706 0.002809 0.002099
0 0.741749 0.269473 0.002458 0.002099
0 0.717872 0.275536 0.029143 0.014226
0 0.954881 0.269473 0.003160 0.002565
0 0.796173 0.269123 0.003160 0.001866
0 0.824789 0.268540 0.004916 0.002565
0 0.973315 0.267840 0.003511 0.003032
0 0.769312 0.268424 0.004916 0.004664
0 1.015801 0.267491 0.007725 0.004198
0 0.948385 0.266791 0.003511 0.003265
0 0.808111 0.268424 0.010885 0.006530
0 0.717521 0.264809 0.003862 0.002565
0 0.747015 0.264459 0.003862 0.002332
0 0.969803 0.264925 0.003511 0.004664
0 0.984024 0.266091 0.010183 0.007463
0 0.857093 0.271572 0.021067 0.018890
0 0.947331 0.261894 0.004916 0.002799
0 0.919417 0.262127 0.003160 0.003265
0 0.781952 0.261194 0.002809 0.001399
0 0.775983 0.260961 0.004916 0.003265
0 0.754389 0.260611 0.003862 0.002565
0 0.709796 0.261777 0.004565 0.004897
0 0.765976 0.260378 0.003160 0.003032
0 0.983673 0.258745 0.001756 0.001166
0 0.861131 0.258512 0.003862 0.002099
0 0.717346 0.258629 0.003511 0.002332
0 0.561798 0.258979 0.005618 0.003498
0 0.954178 0.258862 0.003160 0.003731
0 0.600948 0.259328 0.005267 0.005131
0 0.836552 0.257463 0.005969 0.003731
0 0.730864 0.260494 0.017205 0.011660
0 0.937149 0.256646 0.008427 0.005364
0 0.811447 0.259911 0.012640 0.011894
0 0.824789 0.259678 0.008427 0.013293
0 1.152388 0.255131 0.006320 0.004664
0 0.967697 0.254198 0.003511 0.002799
0 0.794768 0.256530 0.017205 0.010728
0 0.983673 0.253265 0.005267 0.004664
0 0.723666 0.251982 0.004213 0.002099
0 0.964712 0.251516 0.003160 0.001632
0 0.852704 0.251516 0.003862 0.003032
0 1.006320 0.250466 0.002107 0.001399
0 0.706110 0.253731 0.011236 0.008862
0 0.940309 0.250233 0.007725 0.003731
0 0.860604 0.250233 0.009129 0.003731
0 0.956461 0.253032 0.017556 0.009795
0 0.784937 0.248834 0.003862 0.002799
0 0.749649 0.247551 0.004916 0.004431
0 0.732971 0.247201 0.007374 0.005131
0 0.725421 0.246152 0.004916 0.003032
0 0.955583 0.245336 0.003862 0.002799
0 0.926440 0.251399 0.016503 0.014925
0 0.975948 0.242071 0.002458 0.001866
0 0.557584 0.242537 0.004916 0.003265
0 0.958041 0.238223 0.003160 0.002099
0 0.775808 0.246269 0.022121 0.019123
0 0.869206 0.238573 0.010183 0.007463
0 0.760709 0.239039 0.023525 0.013993
0 0.816362 0.232626 0.004916 0.005830
0 0.904494 0.247318 0.051966 0.037080
0 0.757374 0.231227 0.004916 0.005830
0 0.722788 0.236124 0.014396 0.015625
0 0.774052 0.233092 0.008778 0.010028
0 0.946805 0.229011 0.007374 0.005131
0 0.729986 0.227146 0.003511 0.003265
0 0.854986 0.227029 0.004213 0.003498
0 0.810744 0.226213 0.003511 0.003265
0 0.872542 0.229128 0.014747 0.010028
0 0.843048 0.231926 0.016854 0.016091
0 0.834621 0.228078 0.004916 0.008862
0 0.708567 0.227612 0.021770 0.011660
0 0.757900 0.223764 0.010885 0.007229
0 0.817240 0.221432 0.005969 0.003498
0 0.804073 0.221782 0.005618 0.004198
0 0.920471 0.220499 0.002458 0.002099
0 0.783532 0.226096 0.012289 0.014226
0 0.770190 0.222598 0.010885 0.007229
0 0.803722 0.216185 0.003511 0.001866
0 0.918188 0.216535 0.004213 0.004431
0 0.747718 0.217701 0.005267 0.006763
0 0.895190 0.220149 0.016503 0.012127
0 0.853757 0.217584 0.014396 0.007463
0 0.769487 0.216535 0.012992 0.007696
0 0.731215 0.219566 0.020716 0.013759
0 0.925386 0.213969 0.003862 0.003498
0 1.030021 0.213270 0.004565 0.002565
0 0.743153 0.213853 0.003862 0.005597
0 0.916959 0.210121 0.003160 0.002332
0 0.811447 0.210588 0.004213 0.003265
0 0.752107 0.210938 0.005618 0.007229
0 0.875527 0.215602 0.022121 0.017024
0 0.592521 0.212220 0.013694 0.010728
0 1.019312 0.207673 0.006320 0.002565
0 0.573736 0.212570 0.008427 0.013759
0 0.779319 0.209422 0.010183 0.007929
0 0.825843 0.208139 0.007725 0.006763
0 0.526334 0.209188 0.014045 0.010261
0 0.666433 0.204174 0.003511 0.002565
0 0.539677 0.200443 0.005618 0.003498
0 0.565485 0.198577 0.004565 0.003498
0 0.814080 0.197528 0.008778 0.006530
0 0.586201 0.195079 0.003862 0.002565
0 0.680829 0.193563 0.003511 0.004198
0 0.864291 0.191348 0.012289 0.005830
0 0.534410 0.190532 0.007022 0.004198
0 0.841819 0.200093 0.026334 0.024720
0 0.913975 0.188666 0.004213 0.004198
0 0.932584 0.189366 0.012640 0.006996
0 0.822683 0.190415 0.009831 0.009562
0 0.896243 0.187733 0.017907 0.007929
0 0.564607 0.185168 0.005618 0.006530
0 0.687676 0.181670 0.003862 0.002799
0 0.653792 0.181437 0.004916 0.003265
0 0.956285 0.183186 0.017907 0.009562
0 0.924157 0.181903 0.015449 0.008396
0 0.698560 0.177938 0.004565 0.002799
0 0.877107 0.178172 0.030899 0.013060
0 0.831812 0.172691 0.009831 0.003965
0 0.627458 0.170592 0.002809 0.003498
0 0.685569 0.178521 0.018610 0.022621
0 0.904319 0.169193 0.008076 0.005364
0 0.545119 0.170009 0.010183 0.007929
0 0.584972 0.172458 0.019663 0.013759
0 0.555126 0.167561 0.005618 0.004897
0 0.634129 0.167211 0.006320 0.004664
0 0.650808 0.166511 0.006671 0.006530
0 0.663624 0.163246 0.003511 0.002332
0 0.924860 0.164179 0.005618 0.005597
0 0.679073 0.163013 0.007022 0.004198
0 0.685569 0.162197 0.003862 0.004431
0 0.573736 0.161847 0.014045 0.006530
0 0.691011 0.160564 0.003511 0.004431
0 0.854635 0.163596 0.026685 0.012360
0 0.710499 0.158932 0.005969 0.005364
0 0.699789 0.156833 0.004916 0.003965
0 0.621489 0.158465 0.021067 0.011427
0 0.695049 0.153801 0.003862 0.003965
0 0.909586 0.153451 0.007374 0.005131
0 0.677317 0.151003 0.004916 0.003498
0 0.859902 0.151353 0.007022 0.006530
0 0.711376 0.146922 0.004213 0.003265
0 0.897296 0.143657 0.005969 0.004198
0 0.869382 0.144123 0.005618 0.005131
0 0.696980 0.144356 0.011938 0.007929
0 0.877985 0.140042 0.006671 0.004431
0 0.645014 0.134212 0.010534 0.004431
0 0.678195 0.131530 0.008076 0.006996
0 0.705056 0.129198 0.007022 0.004664
0 0.659937 0.130364 0.012992 0.007463
0 0.691889 0.121385 0.003862 0.003032
0 0.704178 0.119053 0.004565 0.004431
0 1.118329 0.118004 0.004916 0.004198
0 1.108848 0.114506 0.007022 0.004198
0 0.626931 0.081856 0.010885 0.006530
0 0.281426 0.060168 0.006671 0.004198
