0 0.460499 0.489506 0.005267 0.003265
0 0.464712 0.486590 0.003862 0.002099
0 0.468223 0.484142 0.002458 0.001399
0 0.471910 0.483442 0.003511 0.002799
0 0.468399 0.481576 0.003511 0.002799
0 0.469277 0.478661 0.003862 0.002565
0 0.469803 0.474230 0.002809 0.001632
0 0.245084 0.455807 0.004916 0.002565
0 0.463483 0.450560 0.003511 0.001866
0 0.464361 0.447994 0.003160 0.001399
0 0.479459 0.422575 0.004565 0.002332
0 0.508954 0.422225 0.005267 0.002565
0 0.489817 0.410681 0.003511 0.002332
0 0.492978 0.399837 0.003511 0.002099
0 0.496664 0.394240 0.004565 0.002099
0 0.428371 0.365322 0.003511 0.001632
0 0.433638 0.363223 0.004213 0.003032
0 0.431355 0.360658 0.003160 0.002099
0 0.472086 0.358792 0.003160 0.001632
0 0.438904 0.358326 0.002107 0.001166
0 0.452774 0.353545 0.005267 0.004664
0 0.705407 0.246385 0.004213 0.003965
0 0.698209 0.241838 0.010885 0.002332
0 0.673806 0.242421 0.007725 0.004431
0 0.708919 0.238573 0.002107 0.001866
0 0.692240 0.230877 0.003160 0.001866
0 0.744558 0.196945 0.005969 0.005364
0 0.676264 0.141791 0.002809 0.002332
0 0.675737 0.136311 0.003862 0.004431
0 0.666959 0.130597 0.004565 0.004664
0 0.649579 0.129781 0.004213 0.003498
0 0.692942 0.125583 0.008778 0.004897
0 0.673982 0.122201 0.005969 0.005597
0 0.662219 0.116255 0.004213 0.002565
0 0.654143 0.113689 0.003511 0.002565
0 0.699789 0.110891 0.005618 0.003498
0 0.686447 0.111007 0.006320 0.006063
0 0.675386 0.113106 0.008778 0.010261
0 0.704705 0.108909 0.002107 0.002332
0 0.690485 0.105877 0.003160 0.002332
0 0.662395 0.106227 0.004565 0.005830
0 0.689958 0.039296 0.002107 0.002099
0 0.663272 0.033232 0.002809 0.001632
