0 1.190485 0.464669 0.007374 0.003965
0 1.193118 0.457439 0.006320 0.005830
0 1.227353 0.453591 0.005969 0.004664
0 0.588132 0.275420 0.011938 0.009328
0 0.553371 0.270522 0.005618 0.003731
0 0.609726 0.266558 0.005267 0.003731
0 0.599544 0.263993 0.003160 0.002332
0 0.587079 0.265042 0.006320 0.004431
0 0.539677 0.262243 0.003511 0.002565
0 0.619031 0.261777 0.004213 0.002565
0 0.598841 0.255947 0.005969 0.003498
0 0.566187 0.252215 0.004565 0.003965
0 0.597963 0.247318 0.005618 0.002099
0 0.630267 0.244403 0.004213 0.002799
0 0.552142 0.243120 0.003160 0.001632
0 0.609726 0.242421 0.006671 0.003965
0 0.646243 0.238806 0.003160 0.003731
0 0.541257 0.248018 0.017205 0.022621
0 0.608497 0.236007 0.005618 0.002332
0 0.548279 0.235424 0.005267 0.003498
0 0.577423 0.234258 0.003160 0.002099
0 0.550035 0.232393 0.002458 0.002099
0 0.579529 0.231227 0.002458 0.001632
0 0.616046 0.230061 0.004565 0.001632
0 0.634129 0.230177 0.004916 0.003265
0 0.628862 0.228078 0.005618 0.002799
0 0.547753 0.227262 0.006320 0.004897
0 0.591819 0.225979 0.003862 0.003731
0 0.567942 0.230177 0.025632 0.014459
0 0.647999 0.224347 0.007374 0.003265
0 0.628862 0.223764 0.011938 0.005364
0 0.616222 0.221665 0.007022 0.003498
0 0.633427 0.220266 0.006320 0.003965
0 0.548104 0.218050 0.004213 0.002799
0 0.639045 0.214902 0.003511 0.002565
0 0.623596 0.214902 0.005618 0.003498
0 0.611657 0.209422 0.004213 0.002799
0 0.632374 0.209771 0.011938 0.007229
0 0.641854 0.207906 0.009831 0.006297
0 0.656074 0.198811 0.003862 0.002565
0 0.653968 0.203125 0.011587 0.011194
0 0.630091 0.197878 0.004565 0.001632
0 0.583216 0.194963 0.022472 0.010261
0 0.650983 0.193097 0.007022 0.008396
0 0.543188 0.180037 0.007022 0.006996
0 0.516327 0.178521 0.010183 0.006297
0 0.551791 0.175956 0.008076 0.005364
0 0.646594 0.176189 0.008778 0.007229
0 0.520541 0.172225 0.004565 0.008162
0 0.541433 0.170009 0.011938 0.010728
0 0.597086 0.095266 0.004565 0.003032
