0 0.505267 0.513410 0.006320 0.004431
0 0.487886 0.495336 0.003160 0.001866
0 0.386938 0.495103 0.003511 0.002332
0 0.511763 0.492887 0.005267 0.003032
0 0.487711 0.487757 0.003511 0.002099
0 0.735253 0.484142 0.002107 0.001866
0 0.504389 0.480644 0.003160 0.002799
0 0.444522 0.477962 0.002809 0.001632
0 0.739817 0.478545 0.005618 0.003265
0 0.751756 0.474347 0.003511 0.002799
0 0.545822 0.475163 0.010183 0.004897
0 0.448736 0.471665 0.004916 0.003032
0 0.506145 0.468750 0.006671 0.004664
0 0.461728 0.466535 0.009831 0.005830
0 0.498596 0.462803 0.003511 0.002565
0 0.720506 0.460238 0.005618 0.006297
0 0.702072 0.458372 0.009480 0.005364
0 0.734726 0.456390 0.003862 0.005597
0 0.195049 0.451259 0.003862 0.003731
0 0.796524 0.450093 0.003160 0.003265
0 0.803195 0.449277 0.003160 0.005364
0 0.690133 0.448228 0.005969 0.003265
0 0.689782 0.440648 0.003160 0.003498
0 0.650456 0.438666 0.003862 0.002799
0 0.280197 0.437617 0.002809 0.002099
0 0.704705 0.434818 0.004916 0.005364
0 0.720857 0.434118 0.009831 0.004897
0 0.798455 0.433302 0.005618 0.005131
0 0.771419 0.428988 0.004213 0.003032
0 0.828652 0.428405 0.003511 0.002799
0 0.216819 0.428871 0.004565 0.004198
0 0.820751 0.427938 0.003862 0.005131
0 0.675562 0.426306 0.002809 0.001866
0 0.764923 0.426306 0.003160 0.002332
0 0.751756 0.422341 0.002809 0.002332
0 0.738588 0.425140 0.010885 0.009328
0 0.158357 0.411847 0.003511 0.002799
0 0.476299 0.400770 0.017907 0.010494
0 0.498069 0.394590 0.018610 0.012593
0 0.488237 0.388526 0.006671 0.003731
0 1.220330 0.378731 0.008778 0.004664
0 0.358322 0.376749 0.004565 0.003032
0 0.318118 0.366371 0.004213 0.002799
0 0.169242 0.366021 0.003511 0.003032
0 1.184164 0.364855 0.003160 0.002099
0 1.170822 0.363923 0.008076 0.003498
0 1.288097 0.369520 0.013694 0.019356
0 0.264396 0.350280 0.009129 0.005131
0 0.268610 0.345382 0.009129 0.004198
0 0.220857 0.345033 0.004916 0.003498
0 1.167135 0.344216 0.013343 0.006063
0 1.201369 0.342934 0.014396 0.006763
0 1.227353 0.339669 0.004565 0.003032
0 0.240871 0.339202 0.005618 0.003965
0 0.434164 0.338503 0.006671 0.003965
0 0.278090 0.339436 0.011236 0.005830
0 0.443294 0.336521 0.005969 0.001866
0 1.177669 0.334305 0.004213 0.005830
0 0.246664 0.329524 0.001053 0.000933
0 0.275983 0.329524 0.002809 0.001866
0 0.841643 0.328941 0.002809 0.001632
0 0.836376 0.327309 0.003511 0.002099
0 0.243855 0.327775 0.008778 0.003965
0 1.156601 0.326959 0.005618 0.002799
0 0.450492 0.328941 0.011938 0.010028
0 0.827423 0.323577 0.003862 0.003032
0 0.587254 0.322878 0.005969 0.002565
0 0.837430 0.322062 0.002809 0.001866
0 0.571103 0.324627 0.012289 0.007463
0 1.145190 0.323461 0.010183 0.005597
0 0.468574 0.321362 0.005969 0.002799
0 0.582865 0.319496 0.005618 0.002332
0 0.446278 0.319846 0.009831 0.006297
0 0.835499 0.316931 0.003862 0.001399
0 0.463132 0.316698 0.006320 0.002332
0 0.538975 0.316931 0.011236 0.004198
0 0.558287 0.314715 0.007725 0.003032
0 0.832338 0.313666 0.003160 0.003265
0 1.219979 0.313083 0.015098 0.006297
0 0.560393 0.310401 0.003511 0.002332
0 0.853757 0.310634 0.004565 0.003265
0 0.480162 0.311917 0.011587 0.007229
0 0.433462 0.315065 0.028441 0.014925
0 0.402212 0.310401 0.009480 0.005597
0 0.497367 0.331390 0.114817 0.048974
0 0.444874 0.307952 0.010534 0.003498
0 0.403617 0.305854 0.005267 0.002099
0 0.569522 0.303055 0.006320 0.003032
0 0.466819 0.302589 0.003862 0.002099
0 1.211201 0.302472 0.010183 0.002799
0 0.903792 0.301772 0.004213 0.002799
0 1.229108 0.300956 0.019312 0.008629
0 0.500176 0.298974 0.025632 0.007929
0 0.422928 0.300956 0.026334 0.011894
0 0.436271 0.297341 0.008076 0.005597
0 1.208216 0.297108 0.012640 0.005597
0 0.563729 0.294543 0.005969 0.002799
0 1.256320 0.293610 0.007725 0.006530
0 0.589185 0.303871 0.037219 0.027985
0 0.612008 0.293144 0.014045 0.006996
0 0.410463 0.293610 0.011236 0.008862
0 0.428371 0.290112 0.004213 0.002332
0 0.395190 0.296175 0.020716 0.018657
0 1.233322 0.289995 0.018610 0.008162
0 0.422928 0.288013 0.008076 0.004664
0 0.600948 0.286264 0.005267 0.002565
0 0.361833 0.285564 0.005267 0.003498
0 0.574263 0.286381 0.008076 0.006530
0 0.258251 0.284282 0.006671 0.003731
0 0.388167 0.283932 0.015098 0.007696
0 0.420822 0.281833 0.005969 0.004897
0 0.571980 0.279967 0.004916 0.003498
0 0.272999 0.279035 0.003160 0.002565
0 0.611833 0.282533 0.015098 0.012826
0 0.377107 0.277052 0.008427 0.002799
0 0.615871 0.275420 0.004916 0.002332
0 0.452247 0.277052 0.006320 0.005597
0 0.342872 0.272505 0.009480 0.003965
0 0.274754 0.270872 0.006671 0.003965
0 0.601826 0.270173 0.005618 0.003032
0 0.645892 0.268773 0.006671 0.003965
0 0.410112 0.268657 0.004213 0.004198
0 0.636236 0.268190 0.008427 0.003731
0 0.581987 0.268190 0.005267 0.003731
0 0.651685 0.265042 0.007022 0.003032
0 0.423806 0.268074 0.015449 0.012360
0 0.622367 0.263993 0.010885 0.005131
0 0.603230 0.262243 0.004213 0.003965
0 0.330056 0.262593 0.009831 0.004664
0 0.566713 0.261311 0.004213 0.002565
0 0.634129 0.259911 0.004916 0.001632
0 0.394663 0.269473 0.035112 0.020756
0 0.641678 0.259795 0.004565 0.003265
0 0.703827 0.258396 0.004565 0.002799
0 0.525105 0.259445 0.011587 0.004897
0 0.614291 0.255131 0.008076 0.002799
0 0.383954 0.255364 0.011587 0.003265
0 0.699789 0.254198 0.004916 0.002799
0 0.337781 0.254781 0.007022 0.003965
0 0.327072 0.255364 0.008076 0.005597
0 0.389045 0.250816 0.002809 0.001166
0 0.643610 0.252449 0.012640 0.004897
0 0.627985 0.251283 0.004565 0.002565
0 0.574087 0.251283 0.004916 0.002565
0 0.397647 0.248484 0.008076 0.003498
0 0.721559 0.246269 0.005618 0.002799
0 0.509656 0.248601 0.017907 0.009328
0 0.401159 0.244986 0.006671 0.003032
0 0.365871 0.246618 0.012640 0.006297
0 0.621313 0.243004 0.006671 0.002799
0 0.606039 0.242421 0.005618 0.002099
0 0.343223 0.246269 0.014396 0.012127
0 0.496664 0.242188 0.008778 0.004897
0 0.681355 0.239622 0.003160 0.002565
0 0.378687 0.244403 0.022823 0.012127
0 0.622191 0.237407 0.004916 0.002799
0 0.584445 0.237057 0.005267 0.003032
0 0.709094 0.236241 0.005267 0.002799
0 0.669768 0.236590 0.010183 0.005364
0 0.519136 0.237990 0.010183 0.008162
0 0.565660 0.236007 0.007725 0.004664
0 0.396945 0.235075 0.012992 0.007463
0 0.638343 0.239622 0.027388 0.020756
0 0.328652 0.231810 0.011938 0.006996
0 0.703125 0.230177 0.011587 0.004198
0 0.509656 0.228428 0.012289 0.008162
0 0.701369 0.224813 0.021419 0.003731
0 0.354810 0.223064 0.003862 0.003498
0 1.216994 0.223414 0.010534 0.006063
0 0.725597 0.223414 0.016503 0.007929
0 0.373947 0.225163 0.033006 0.015159
0 0.374473 0.216535 0.005267 0.002565
0 1.264572 0.216185 0.007374 0.004198
0 0.556355 0.233209 0.080407 0.041511
0 0.401510 0.216068 0.026334 0.008162
0 0.326369 0.212220 0.003862 0.001399
0 0.706812 0.212453 0.012640 0.007929
0 0.682935 0.214202 0.026685 0.013759
0 0.341468 0.208605 0.004565 0.003498
0 0.382374 0.210821 0.020365 0.008396
0 0.363237 0.209188 0.017205 0.006996
0 0.632549 0.215368 0.082514 0.020289
0 0.472963 0.207206 0.014747 0.003965
0 0.403968 0.207323 0.014396 0.004198
0 0.534410 0.207206 0.021067 0.007696
0 0.755091 0.206390 0.009480 0.006996
0 0.692416 0.205574 0.010534 0.006297
0 0.599895 0.202892 0.010183 0.004198
0 0.590063 0.201842 0.005969 0.003032
0 0.410990 0.200326 0.013694 0.001866
0 0.668188 0.199510 0.018258 0.004897
0 0.616046 0.197411 0.004565 0.003498
0 0.628687 0.199044 0.021419 0.009095
0 0.673279 0.195429 0.003862 0.002799
0 0.339185 0.194846 0.007022 0.002099
0 0.415204 0.194963 0.012992 0.005131
0 0.615344 0.192397 0.015098 0.004198
0 0.523350 0.195196 0.018610 0.010728
0 0.383427 0.196945 0.012640 0.014692
0 0.677669 0.190998 0.005618 0.003265
0 0.344628 0.190532 0.005969 0.003731
0 0.667310 0.188899 0.003160 0.002799
0 0.649403 0.189599 0.020014 0.005597
0 0.625527 0.187034 0.008076 0.004198
0 0.469979 0.182369 0.009480 0.002332
0 0.343399 0.180271 0.006320 0.002799
0 0.773174 0.177938 0.005618 0.004664
0 0.363940 0.177589 0.010183 0.004897
0 0.354986 0.172924 0.007022 0.001632
0 0.506320 0.171642 0.007725 0.003731
0 0.614291 0.170592 0.008778 0.003032
0 0.373420 0.171758 0.007374 0.005364
0 0.675035 0.171992 0.008778 0.006297
0 0.554600 0.188083 0.042486 0.038479
0 0.654846 0.170009 0.006320 0.004198
0 0.590239 0.169076 0.009831 0.002799
0 0.418364 0.181670 0.056531 0.029851
0 0.616222 0.167327 0.004213 0.002099
0 0.721735 0.169893 0.011587 0.008162
0 0.467170 0.182952 0.064256 0.036147
0 0.547226 0.166861 0.010183 0.009562
0 0.505794 0.165345 0.029846 0.008396
0 0.392732 0.162663 0.013694 0.004897
0 0.421699 0.163596 0.019663 0.007229
0 0.489993 0.160914 0.006671 0.003265
0 0.606566 0.160215 0.005969 0.002332
0 0.646770 0.161497 0.007022 0.006297
0 0.477353 0.159165 0.005267 0.002099
0 0.627107 0.165578 0.018258 0.018657
0 0.633603 0.158232 0.012992 0.006763
0 0.458041 0.159865 0.018610 0.010494
0 0.375878 0.155784 0.006671 0.002799
0 0.691187 0.156250 0.007374 0.004198
0 0.581987 0.157416 0.030548 0.015858
0 0.653617 0.151586 0.038272 0.017724
0 1.211376 0.142607 0.011236 0.005830
0 0.396419 0.142141 0.008427 0.005364
0 0.324614 0.094566 0.008076 0.003032
0 0.825843 0.079058 0.009831 0.002799
