0 0.957338 0.591185 0.002458 0.001866
0 0.973490 0.588386 0.003160 0.002332
0 0.933111 0.588153 0.010885 0.005131
0 0.390976 0.588153 0.008076 0.005131
0 0.976475 0.578825 0.003511 0.001866
0 1.018785 0.558419 0.003160 0.002099
0 0.715414 0.541045 0.003160 0.002799
0 0.329705 0.538246 0.009831 0.005131
0 0.722261 0.533815 0.002809 0.001866
0 0.994382 0.532766 0.002809 0.001632
0 0.763167 0.531600 0.003160 0.003032
0 0.698209 0.529851 0.003862 0.003731
0 0.813729 0.523671 0.001756 0.001166
0 0.744558 0.522388 0.003160 0.002332
0 0.722086 0.519823 0.002458 0.001866
0 0.788272 0.519939 0.002809 0.004897
0 0.791784 0.517491 0.002107 0.002799
0 0.700843 0.516791 0.002809 0.001866
0 0.806882 0.515975 0.004916 0.004431
0 0.618680 0.513410 0.002809 0.002565
0 0.730337 0.514226 0.007022 0.005597
0 0.792837 0.510728 0.003511 0.002799
0 0.701369 0.510145 0.002458 0.002099
0 0.752985 0.510728 0.005969 0.004664
0 0.737886 0.508979 0.003160 0.001632
0 0.618329 0.509212 0.002809 0.002099
0 0.672577 0.509095 0.003862 0.002332
0 0.790028 0.508396 0.002809 0.002332
0 0.691889 0.508162 0.007374 0.002799
0 0.838659 0.505597 0.003160 0.001866
0 0.831812 0.507346 0.006320 0.005830
0 0.766854 0.507229 0.011938 0.006996
0 0.693996 0.504198 0.001053 0.001399
0 0.727879 0.505364 0.010534 0.005131
0 0.799333 0.502915 0.003862 0.003965
0 0.612360 0.501166 0.003511 0.001399
0 0.731390 0.501166 0.003511 0.002332
0 0.640976 0.501283 0.002458 0.003032
0 0.740520 0.500933 0.007022 0.003265
0 0.636587 0.500233 0.004213 0.002799
0 0.615520 0.500466 0.004916 0.003265
0 0.703476 0.499417 0.003160 0.002565
0 0.698385 0.499184 0.002809 0.002099
0 0.851299 0.499184 0.003862 0.002565
0 0.719803 0.497785 0.002809 0.002565
0 0.796699 0.498951 0.007725 0.005830
0 0.702072 0.497668 0.003160 0.003265
0 0.794593 0.496618 0.002809 0.001632
0 0.764045 0.498134 0.012640 0.005597
0 0.687851 0.496385 0.003511 0.003498
0 0.777563 0.496735 0.010885 0.004664
0 0.576721 0.495452 0.002458 0.002099
0 0.656777 0.494170 0.003862 0.002332
0 0.770892 0.493587 0.003862 0.002099
0 0.597086 0.493820 0.003862 0.002565
0 0.800386 0.493703 0.007374 0.003731
0 0.891503 0.493937 0.004916 0.004664
0 0.591117 0.493004 0.003160 0.002799
0 0.719452 0.493354 0.008427 0.005364
0 0.580583 0.492421 0.003862 0.003498
0 0.738588 0.491721 0.003862 0.003032
0 0.794242 0.490438 0.003511 0.000933
0 0.733322 0.491838 0.003160 0.003731
0 0.684867 0.488806 0.002458 0.001866
0 0.692767 0.488806 0.007022 0.004198
0 0.681882 0.487873 0.003511 0.002332
0 0.786166 0.487523 0.005618 0.004431
0 0.824614 0.488689 0.005969 0.007229
0 0.680126 0.485774 0.002107 0.001399
0 0.764396 0.485541 0.002809 0.002332
0 0.778441 0.484492 0.003511 0.002099
0 0.758954 0.484142 0.003862 0.002799
0 0.874649 0.483442 0.003511 0.001866
0 0.618855 0.483326 0.002458 0.001632
0 0.722788 0.483675 0.006671 0.002799
0 0.754213 0.482393 0.003511 0.002565
0 0.839185 0.482276 0.004916 0.002799
0 0.715414 0.482626 0.003862 0.003498
0 0.789677 0.481460 0.003511 0.002099
0 0.803371 0.482276 0.004916 0.005131
0 0.652739 0.480527 0.002107 0.001632
0 0.666608 0.480644 0.004565 0.002332
0 0.745084 0.480527 0.002809 0.002565
0 0.627458 0.479944 0.002107 0.001399
0 0.725772 0.479128 0.002809 0.001632
0 0.787746 0.478661 0.004565 0.002099
0 0.824614 0.479711 0.009480 0.006063
0 0.796348 0.477612 0.003511 0.001866
0 0.833919 0.478661 0.007725 0.004431
0 0.729284 0.477262 0.004213 0.002565
0 0.735253 0.476562 0.004916 0.002099
0 0.748244 0.475396 0.002107 0.002099
0 0.698385 0.475863 0.002809 0.003032
0 0.764396 0.476213 0.007725 0.004664
0 0.703125 0.474813 0.003160 0.001866
0 0.775632 0.474114 0.004916 0.003265
0 0.807409 0.474347 0.003862 0.004198
0 0.792486 0.473647 0.005618 0.003265
0 0.720681 0.472831 0.003160 0.001632
0 0.770190 0.472481 0.002458 0.001866
0 0.595857 0.469916 0.004213 0.003265
0 0.733848 0.469333 0.005618 0.003498
0 0.798455 0.469333 0.006320 0.004431
0 0.606917 0.467467 0.001756 0.001166
0 0.806355 0.467467 0.002458 0.001632
0 0.859726 0.468284 0.002458 0.003731
0 0.563202 0.467467 0.002107 0.002099
0 0.709796 0.467118 0.003160 0.001866
0 0.810042 0.467701 0.005618 0.007229
0 0.860253 0.463619 0.002809 0.002332
0 0.721559 0.463270 0.005618 0.003032
0 0.835323 0.463036 0.004213 0.003032
0 0.700140 0.461287 0.002809 0.001866
0 0.764221 0.461287 0.003862 0.002799
0 0.692416 0.461054 0.003511 0.005597
0 0.567065 0.458839 0.004916 0.001632
0 0.542310 0.458489 0.002458 0.002332
0 0.722086 0.458022 0.003160 0.002332
0 0.694522 0.456623 0.002809 0.001866
0 0.871840 0.456507 0.003511 0.002565
0 0.844277 0.455690 0.003160 0.002332
0 0.825667 0.457906 0.008778 0.006763
0 0.885358 0.456740 0.005267 0.004897
0 0.736657 0.455107 0.002107 0.001632
0 0.505794 0.453941 0.003160 0.003032
0 0.922226 0.453008 0.001756 0.001632
0 0.853230 0.452542 0.004213 0.003498
0 0.790555 0.452425 0.004565 0.003731
0 0.908181 0.450560 0.002458 0.002332
0 0.515801 0.450793 0.004213 0.003265
0 0.834270 0.450210 0.003511 0.002565
0 0.770716 0.451959 0.010534 0.006996
0 0.796699 0.449627 0.002107 0.002799
0 0.959621 0.448228 0.002809 0.001866
0 0.541784 0.447878 0.001404 0.001166
0 0.634305 0.447994 0.002458 0.001866
0 0.832338 0.447528 0.003862 0.001399
0 0.714185 0.447411 0.004916 0.003498
0 0.795119 0.446712 0.003862 0.002565
0 0.783883 0.448694 0.005267 0.006530
0 0.660639 0.447295 0.005267 0.003731
0 0.925386 0.445779 0.002458 0.001632
0 0.742100 0.446479 0.004565 0.003032
0 0.930302 0.446129 0.003862 0.003265
0 0.324965 0.446129 0.004565 0.003265
0 0.802317 0.447411 0.006320 0.008162
0 0.876580 0.443797 0.002458 0.001866
0 0.517732 0.443797 0.001756 0.001866
0 0.929073 0.442980 0.002809 0.002099
0 0.497718 0.442631 0.002458 0.001399
0 0.525983 0.444496 0.008427 0.006063
0 0.749122 0.442397 0.003160 0.002332
0 0.729810 0.443330 0.005969 0.004198
0 0.618855 0.442747 0.006671 0.003965
0 0.594803 0.441231 0.002107 0.002332
0 0.511060 0.440415 0.002458 0.001632
0 0.628511 0.442747 0.011236 0.007696
0 0.554600 0.439949 0.003862 0.002099
0 0.539677 0.440182 0.003511 0.003032
0 0.481215 0.439599 0.005267 0.001866
0 0.787395 0.439366 0.003862 0.001866
0 0.642029 0.442164 0.014396 0.007929
0 0.606742 0.438316 0.002107 0.001632
0 0.901861 0.439249 0.003862 0.004897
0 0.611482 0.437733 0.001756 0.002332
0 0.869909 0.437966 0.006671 0.003265
0 0.581461 0.437733 0.004213 0.002799
0 0.565660 0.440648 0.014045 0.008629
0 0.551264 0.436917 0.004916 0.002099
0 0.615871 0.436101 0.001404 0.000933
0 0.737360 0.436684 0.003511 0.002565
0 0.492626 0.435984 0.003511 0.001632
0 0.757549 0.437383 0.008076 0.005830
0 0.727704 0.435285 0.003160 0.002565
0 0.625176 0.435984 0.004565 0.003965
0 0.792135 0.435518 0.006320 0.004431
0 0.886060 0.433186 0.002458 0.001632
0 0.905899 0.432952 0.002809 0.001632
0 0.487535 0.432020 0.002458 0.001632
0 0.744206 0.432020 0.003862 0.002565
0 0.646419 0.432253 0.004213 0.003032
0 0.633603 0.433302 0.008076 0.005597
0 1.041433 0.431203 0.004213 0.002332
0 0.762114 0.431437 0.003862 0.002799
0 0.748596 0.431786 0.003511 0.003498
0 0.713834 0.435634 0.018961 0.012127
0 0.587254 0.429804 0.002458 0.004664
0 0.885358 0.428871 0.004565 0.003265
0 0.722963 0.428172 0.003511 0.002332
0 0.744558 0.427589 0.003160 0.001632
0 0.518785 0.429221 0.008076 0.006297
0 0.551791 0.426539 0.003862 0.002332
0 0.653617 0.428172 0.010885 0.006063
0 0.900281 0.425723 0.002809 0.001632
0 0.535815 0.428521 0.007022 0.009562
0 0.636236 0.424674 0.002809 0.002799
0 0.586025 0.425257 0.004916 0.004897
0 0.915906 0.424674 0.005969 0.004198
0 0.902563 0.422108 0.001756 0.001866
0 0.882198 0.422108 0.004565 0.002332
0 0.979635 0.421525 0.002107 0.001632
0 0.879916 0.420826 0.002809 0.002099
0 0.891678 0.420243 0.002458 0.001399
0 0.875878 0.420359 0.001756 0.001632
0 0.923806 0.420126 0.002809 0.002099
0 0.524579 0.420009 0.005618 0.002799
0 0.978230 0.418843 0.002107 0.002332
0 0.952949 0.418493 0.004213 0.001632
0 0.948736 0.418377 0.003511 0.001866
0 0.933462 0.418260 0.002458 0.001632
0 0.621840 0.418610 0.008427 0.004664
0 0.909937 0.416511 0.003862 0.002332
0 0.879565 0.416395 0.002809 0.002099
0 0.896067 0.416744 0.004213 0.005131
0 0.906601 0.414296 0.002809 0.001632
0 0.883076 0.412780 0.002809 0.001399
0 0.905548 0.412430 0.002809 0.001632
0 0.947683 0.412197 0.002809 0.002099
0 0.897647 0.411964 0.002458 0.001632
0 0.776861 0.412547 0.003862 0.002799
0 0.877107 0.412313 0.003511 0.002799
0 0.744909 0.411264 0.003160 0.002565
0 0.941538 0.407066 0.003160 0.002099
0 0.886587 0.407183 0.002809 0.002799
0 0.902212 0.405434 0.002458 0.001632
0 0.856039 0.404035 0.002107 0.001632
0 0.914853 0.404035 0.003862 0.002565
0 0.952949 0.403685 0.004213 0.002332
0 0.752633 0.402285 0.001756 0.001866
0 0.854986 0.401469 0.002107 0.002099
0 0.522647 0.396222 0.005969 0.003731
0 0.765976 0.394240 0.001756 0.001632
0 0.564256 0.387710 0.001404 0.001166
0 0.867802 0.385378 0.011587 0.004897
0 0.541433 0.381530 0.002107 0.001866
0 0.885183 0.379781 0.004213 0.004431
0 0.836552 0.378615 0.003862 0.002565
0 0.893961 0.379664 0.007022 0.006063
0 0.873771 0.378731 0.009480 0.005131
0 0.518610 0.379314 0.007725 0.006763
0 0.866046 0.378148 0.008778 0.005364
0 0.831110 0.377682 0.004213 0.004431
0 0.180478 0.376982 0.006320 0.004897
0 0.846735 0.373134 0.003160 0.001399
0 0.833392 0.373368 0.004565 0.002799
0 0.875878 0.369286 0.002458 0.002565
0 0.932760 0.368703 0.010183 0.007463
0 0.880091 0.366488 0.004565 0.005830
0 0.832514 0.363573 0.002809 0.000933
0 0.931882 0.362757 0.002107 0.001632
0 0.916081 0.362873 0.002107 0.001866
0 0.821103 0.363689 0.008778 0.005830
0 0.949263 0.364156 0.007374 0.008162
0 0.828476 0.361007 0.002458 0.002332
0 0.861657 0.363456 0.016854 0.015625
0 0.753511 0.355294 0.002107 0.002099
0 0.839537 0.354011 0.001404 0.000933
0 0.941713 0.349347 0.002107 0.001399
0 0.776510 0.348764 0.002458 0.002099
0 0.912219 0.348064 0.003511 0.002565
0 0.873947 0.347132 0.001404 0.001166
0 0.939431 0.346432 0.002458 0.002099
0 0.944874 0.344916 0.002809 0.001866
0 0.798279 0.343050 0.010885 0.008862
0 0.841994 0.340135 0.004213 0.004897
0 0.934340 0.337803 0.006320 0.003965
0 0.836903 0.334305 0.003160 0.002099
0 0.945751 0.334072 0.003160 0.002099
0 0.810744 0.333022 0.002107 0.001399
0 0.943294 0.332556 0.001756 0.001399
0 0.827598 0.332906 0.003511 0.002565
0 0.900281 0.329757 0.002107 0.001866
0 0.948385 0.329757 0.003511 0.002799
0 0.953827 0.329058 0.003160 0.002332
0 0.181004 0.329058 0.003160 0.003265
0 0.822858 0.327659 0.005267 0.002799
0 0.723666 0.326493 0.002107 0.001399
0 0.759129 0.323228 0.001404 0.000933
0 0.809867 0.323461 0.002458 0.001866
0 0.834621 0.323461 0.002809 0.002332
0 0.825140 0.322528 0.002107 0.002332
0 0.814256 0.326376 0.010534 0.010961
0 0.932233 0.320779 0.002809 0.001632
0 0.144487 0.320662 0.003160 0.002332
0 0.521594 0.319263 0.003160 0.003265
0 0.805653 0.318447 0.003160 0.002565
0 0.850772 0.317514 0.002809 0.003032
0 0.799157 0.316698 0.002809 0.002332
0 0.813553 0.315765 0.002809 0.001866
0 0.910288 0.315065 0.003862 0.004664
0 0.759831 0.311334 0.001404 0.000933
0 0.561973 0.304688 0.009480 0.005364
0 0.172051 0.302239 0.003511 0.003265
0 0.960147 0.301306 0.002458 0.001866
0 0.846735 0.301423 0.003160 0.002099
0 0.518083 0.303172 0.003160 0.005597
0 0.523174 0.302472 0.007022 0.007463
0 0.791081 0.299324 0.002809 0.002099
0 0.548104 0.298857 0.005618 0.003965
0 0.782303 0.297108 0.003511 0.001866
0 0.939256 0.297924 0.004916 0.004897
0 0.878160 0.293610 0.003511 0.002332
0 0.540555 0.292444 0.003160 0.002332
0 0.571629 0.290578 0.002809 0.001866
0 0.527914 0.293260 0.004565 0.007229
0 0.560569 0.286847 0.003862 0.002332
0 0.777037 0.288829 0.014045 0.007696
0 1.123771 0.286147 0.003862 0.003265
0 0.922928 0.286031 0.005267 0.003965
0 0.724368 0.286147 0.005618 0.005131
0 0.782479 0.284632 0.003160 0.002565
0 0.608146 0.281367 0.002809 0.002099
0 0.693645 0.280317 0.001756 0.001399
0 0.770716 0.280667 0.003511 0.002565
0 0.729635 0.280084 0.007022 0.002799
0 0.875878 0.278568 0.001756 0.001166
0 0.990344 0.277285 0.003160 0.002332
0 0.714361 0.276469 0.002458 0.003032
0 0.579354 0.274487 0.003511 0.001866
0 0.582514 0.271688 0.003511 0.002332
0 0.867275 0.272155 0.007725 0.003731
0 0.559340 0.269706 0.002809 0.002099
0 0.608322 0.267840 0.003862 0.002565
0 0.929600 0.265159 0.005267 0.003265
0 0.750702 0.265742 0.004916 0.004431
0 0.576721 0.264692 0.008778 0.007463
0 0.725772 0.261660 0.003511 0.003265
0 0.927142 0.261077 0.003862 0.003498
0 0.708041 0.260961 0.005267 0.004198
0 0.759656 0.259328 0.003160 0.002332
0 0.608146 0.258279 0.002107 0.001166
0 0.647296 0.259095 0.003862 0.006063
0 0.902388 0.256880 0.004916 0.003498
0 0.701896 0.254664 0.002809 0.001866
0 0.659235 0.255830 0.014396 0.005131
0 0.626931 0.254314 0.002458 0.002565
0 0.913975 0.254781 0.006320 0.004431
0 0.748420 0.254081 0.005969 0.004431
0 0.995084 0.256297 0.008427 0.009328
0 0.735253 0.251399 0.008427 0.003265
0 0.879740 0.253148 0.007374 0.008162
0 0.886236 0.247085 0.004916 0.003498
0 0.638869 0.249767 0.014396 0.008862
0 0.653441 0.246152 0.003511 0.003032
0 0.996664 0.243004 0.001756 0.000933
0 0.560920 0.243587 0.002458 0.002099
0 0.648350 0.243587 0.003160 0.002565
0 0.703125 0.241604 0.003160 0.002332
0 0.821629 0.241488 0.005618 0.003032
0 0.898876 0.242771 0.005618 0.006996
0 0.889045 0.240555 0.003511 0.004897
0 0.637114 0.238456 0.002458 0.001632
0 0.717521 0.236590 0.003862 0.002099
0 0.986131 0.236124 0.005267 0.002099
0 0.623947 0.236007 0.004213 0.002799
0 0.652739 0.235424 0.002809 0.002565
0 0.713308 0.234608 0.004565 0.002332
0 0.896945 0.235541 0.004565 0.005597
0 0.719628 0.233209 0.002458 0.005131
0 0.990169 0.230760 0.002809 0.001632
0 0.652037 0.230760 0.002107 0.001632
0 0.996313 0.229594 0.003160 0.002099
0 0.694874 0.228545 0.002809 0.002332
0 0.749649 0.232393 0.009831 0.010494
0 0.700140 0.226679 0.002809 0.002332
0 0.658708 0.223298 0.003511 0.002099
0 0.664677 0.223881 0.004916 0.005597
0 0.706636 0.219566 0.002458 0.001632
0 0.771770 0.215951 0.002809 0.002332
0 0.772823 0.212920 0.002809 0.001866
0 0.891503 0.213736 0.005618 0.005830
0 0.637816 0.212570 0.007374 0.004431
0 0.752107 0.207906 0.008427 0.004431
0 0.720154 0.205924 0.006320 0.003265
0 1.007022 0.200676 0.000702 0.000700
0 0.679249 0.200326 0.003160 0.002332
0 1.004740 0.198927 0.003862 0.002799
0 1.020716 0.189949 0.004213 0.003498
0 0.945751 0.188433 0.002458 0.001866
0 0.703827 0.186334 0.004565 0.004198
0 0.790906 0.183769 0.003160 0.002332
0 0.710499 0.174674 0.002458 0.003265
0 0.716819 0.170359 0.003160 0.002565
0 0.696629 0.168843 0.002809 0.001866
0 0.716819 0.166395 0.001756 0.001166
0 0.738062 0.163946 0.002809 0.001866
0 0.722612 0.161497 0.003511 0.002565
0 0.742978 0.151819 0.003511 0.003265
0 0.731742 0.149370 0.003511 0.002565
0 0.742978 0.146339 0.003511 0.002565
0 0.732619 0.145522 0.005267 0.004198
0 0.737360 0.145173 0.004213 0.003965
0 0.748771 0.143074 0.002458 0.003498
0 0.735077 0.141091 0.005267 0.002799
0 0.724719 0.143657 0.009831 0.007929
0 0.742626 0.138410 0.005618 0.005364
0 0.391503 0.111707 0.010534 0.005597
