0 0.763869 0.544426 0.003160 0.002099
0 0.191011 0.433419 0.002809 0.001632
0 0.659235 0.400886 0.004565 0.003731
0 0.866397 0.372201 0.003160 0.002332
0 0.147472 0.297691 0.003511 0.003032
0 0.921173 0.240089 0.012289 0.005364
0 0.892556 0.237290 0.013343 0.009095
0 0.969277 0.228078 0.003160 0.001399
0 0.800386 0.074394 0.007374 0.004664
0 0.815309 0.068680 0.010534 0.007229
0 0.828125 0.056786 0.004565 0.002565
0 0.795646 0.054221 0.016152 0.007229
0 0.814958 0.046758 0.007725 0.004897
0 0.783181 0.043493 0.006671 0.007229
0 0.764396 0.041395 0.019663 0.012826
0 0.783708 0.034398 0.007022 0.005364
0 0.833041 0.009795 0.010885 0.008862
0 0.793188 0.008279 0.006320 0.005830
0 0.801264 0.003382 0.004916 0.003965
