0 0.513869 0.657766 0.003862 0.002565
0 0.495084 0.656833 0.005618 0.003965
0 0.512114 0.641791 0.005969 0.003265
0 0.471910 0.636777 0.006320 0.003965
0 0.561271 0.620919 0.003160 0.003032
0 0.592170 0.612523 0.003862 0.003032
0 0.600421 0.612057 0.007725 0.006763
0 0.520892 0.607393 0.006671 0.005830
0 0.464888 0.599580 0.004213 0.002332
0 0.329705 0.592584 0.009129 0.003265
0 0.341117 0.591535 0.003160 0.003032
0 0.418364 0.588736 0.003160 0.003032
0 0.363588 0.586404 0.001756 0.001166
0 0.394487 0.586870 0.003862 0.002565
0 0.345857 0.586404 0.002809 0.003498
0 0.511236 0.591884 0.029494 0.016791
0 0.350246 0.584072 0.003862 0.002565
0 0.379565 0.586171 0.017556 0.007696
0 0.362711 0.581273 0.006320 0.005364
0 0.417486 0.579524 0.002809 0.002332
0 0.413272 0.578242 0.004213 0.002565
0 0.500527 0.577192 0.007374 0.005597
0 0.550035 0.575560 0.007374 0.005131
0 0.494382 0.572062 0.002809 0.002799
0 0.562851 0.570896 0.003511 0.004198
0 0.551966 0.569846 0.003511 0.002099
0 0.588483 0.572295 0.015449 0.010261
0 0.652388 0.567864 0.003511 0.002799
0 0.568469 0.567864 0.004213 0.003731
0 0.654846 0.564132 0.003511 0.002799
0 0.648876 0.562733 0.003511 0.001399
0 0.564080 0.561217 0.003862 0.002565
0 0.402914 0.559701 0.004565 0.003265
0 0.730864 0.556903 0.002458 0.001866
0 0.648701 0.558535 0.005267 0.005131
0 0.559340 0.558419 0.004916 0.004897
0 0.537746 0.575560 0.056531 0.040578
0 0.283532 0.552822 0.005267 0.002565
0 0.550562 0.552239 0.006320 0.004198
0 0.311973 0.551073 0.005267 0.003265
0 0.711728 0.550023 0.004213 0.002565
0 0.292310 0.551306 0.006671 0.006063
0 0.715941 0.548274 0.002809 0.001866
0 0.550386 0.547924 0.005267 0.002565
0 0.461728 0.572295 0.075843 0.051306
0 0.300913 0.547924 0.002809 0.002565
0 0.710850 0.547575 0.002458 0.002332
0 0.278968 0.546875 0.004565 0.003731
0 0.270541 0.547924 0.010885 0.006763
0 0.739291 0.544426 0.002458 0.002565
0 0.345506 0.549907 0.029494 0.015858
0 0.721735 0.538363 0.002458 0.001632
0 0.273525 0.539879 0.009129 0.006996
0 0.715590 0.537430 0.004916 0.003032
0 0.324087 0.546175 0.013343 0.021455
0 0.748947 0.534865 0.004213 0.002565
0 1.178897 0.534049 0.004565 0.003265
0 0.718926 0.533932 0.003862 0.003032
0 0.309867 0.537896 0.019312 0.011894
0 0.698385 0.539412 0.024579 0.022854
0 0.287395 0.536264 0.020716 0.017957
0 0.743329 0.525536 0.003511 0.002565
0 0.395716 0.526586 0.014045 0.006063
0 0.708041 0.523904 0.002458 0.001166
0 0.582514 0.523204 0.004213 0.003498
0 0.721559 0.520173 0.002809 0.002565
0 0.310920 0.518190 0.018610 0.006996
0 0.588483 0.517257 0.007725 0.008862
0 0.289853 0.498717 0.012992 0.010494
0 0.325667 0.495336 0.007374 0.006063
0 0.277037 0.487757 0.003511 0.003032
0 0.452949 0.484142 0.004213 0.002799
0 0.321278 0.482509 0.005618 0.002799
0 0.594277 0.492887 0.015098 0.031017
0 0.283532 0.479478 0.005267 0.004664
0 0.613588 0.477495 0.005267 0.003965
0 0.602353 0.476562 0.003160 0.003032
0 0.281074 0.475163 0.003160 0.002099
0 0.481742 0.475163 0.003511 0.003032
0 0.270365 0.471082 0.003511 0.001866
0 0.605337 0.471549 0.005618 0.003265
0 0.478055 0.469450 0.002458 0.001866
0 0.260885 0.467817 0.003511 0.002332
0 0.289326 0.465835 0.003511 0.002099
0 0.308813 0.464552 0.005267 0.005131
0 0.275983 0.464436 0.007022 0.004897
0 0.601826 0.465835 0.007725 0.008162
0 0.294417 0.460588 0.003862 0.002799
0 0.590063 0.459188 0.005969 0.001399
0 0.284235 0.458605 0.001756 0.001166
0 0.404319 0.457789 0.005969 0.002332
0 0.288097 0.456157 0.003160 0.002799
0 0.279319 0.454991 0.004565 0.003731
0 0.605864 0.455457 0.008076 0.006996
0 0.638167 0.453008 0.002458 0.003032
0 0.286341 0.452659 0.003160 0.002332
0 0.612184 0.451726 0.004565 0.002332
0 0.604459 0.449977 0.001756 0.001166
0 0.282128 0.450793 0.003862 0.003265
0 0.607971 0.448228 0.002458 0.000933
0 0.605513 0.447295 0.001756 0.000933
0 0.657830 0.446595 0.001756 0.001399
0 0.281074 0.444380 0.002458 0.001632
0 0.597963 0.445312 0.006320 0.006297
0 0.614115 0.444846 0.008427 0.007229
0 0.590239 0.441931 0.003511 0.002332
0 0.585499 0.441698 0.004565 0.002799
0 0.582690 0.446479 0.020014 0.013759
0 0.646594 0.443563 0.015098 0.013060
0 0.627458 0.440415 0.010534 0.006763
0 0.583041 0.436684 0.006671 0.003965
0 0.595330 0.437733 0.008778 0.006530
0 0.623596 0.435518 0.002809 0.002565
0 0.551440 0.434235 0.003862 0.002799
0 0.624122 0.428521 0.003160 0.002099
0 0.608848 0.433419 0.016854 0.011894
0 0.653968 0.428288 0.001756 0.002565
0 0.524930 0.429804 0.006320 0.005597
0 0.646419 0.427822 0.004213 0.003032
0 0.639923 0.426423 0.003160 0.002099
0 0.633427 0.432719 0.014747 0.015625
0 0.609551 0.424557 0.002809 0.001632
0 0.511938 0.422108 0.002809 0.001866
0 0.616573 0.420592 0.001404 0.001166
0 0.604986 0.421525 0.007725 0.003965
0 0.501053 0.419660 0.002809 0.001632
0 0.617275 0.418493 0.002107 0.001166
0 0.632022 0.418260 0.002107 0.001166
0 0.589361 0.424907 0.018610 0.015858
0 0.645541 0.418493 0.007374 0.005830
0 0.617451 0.416628 0.001756 0.002099
0 0.636412 0.414412 0.001756 0.001399
0 0.737711 0.413479 0.004213 0.002332
0 0.616397 0.409981 0.003862 0.002799
0 0.635183 0.410681 0.016854 0.005597
0 0.557584 0.418727 0.068118 0.039412
0 0.560393 0.398438 0.002809 0.002099
0 0.549508 0.396572 0.004213 0.002565
0 0.617100 0.393190 0.002458 0.001399
0 0.582514 0.394123 0.005618 0.004198
0 0.589361 0.391325 0.003862 0.002332
0 0.612535 0.381646 0.003160 0.002099
0 0.535639 0.377099 0.003160 0.001866
0 0.547928 0.378498 0.010885 0.006063
0 0.619909 0.376632 0.003862 0.002799
0 0.568294 0.376866 0.005969 0.004198
0 0.257374 0.372435 0.004213 0.001866
0 0.261060 0.370103 0.002458 0.002332
0 0.551615 0.368470 0.003511 0.002332
0 0.270716 0.367771 0.004916 0.002332
0 0.282128 0.364972 0.015801 0.006996
0 0.270541 0.362290 0.003160 0.002565
0 0.566011 0.362873 0.006320 0.004198
0 0.270541 0.350746 0.036166 0.017257
0 0.922928 0.314366 0.005267 0.005131
0 0.636236 0.317048 0.011236 0.010961
0 0.457865 0.313899 0.007022 0.005597
0 0.418013 0.311451 0.005969 0.003032
0 0.465590 0.311451 0.005618 0.003965
0 0.923982 0.309118 0.005267 0.004431
0 0.417135 0.307136 0.004213 0.002799
0 0.405021 0.303871 0.003160 0.001866
0 0.478230 0.301539 0.002809 0.003265
0 0.362535 0.301889 0.010183 0.005830
0 0.637992 0.304688 0.014747 0.013759
0 0.472261 0.299557 0.005618 0.003965
0 0.383427 0.304454 0.028792 0.016558
0 0.694347 0.296642 0.004565 0.002799
0 0.651334 0.299440 0.006320 0.008396
0 0.510709 0.296292 0.002458 0.002099
0 0.318820 0.295592 0.003511 0.002565
0 0.374649 0.294660 0.003511 0.002099
0 0.697683 0.294193 0.004213 0.002099
0 0.359902 0.294776 0.004213 0.003265
0 0.644487 0.293493 0.003862 0.001632
0 0.473139 0.294660 0.005969 0.004897
0 0.635183 0.296875 0.011938 0.011194
0 0.378511 0.292211 0.003511 0.001866
0 0.701721 0.292561 0.004565 0.003032
0 0.369909 0.292094 0.005969 0.002565
0 0.514221 0.290695 0.002458 0.001632
0 0.473666 0.289762 0.004916 0.004431
0 0.439256 0.288829 0.006320 0.002565
0 0.324263 0.288363 0.003862 0.002099
0 0.566889 0.287313 0.002458 0.001866
0 0.911517 0.288713 0.006320 0.006063
0 0.365871 0.287197 0.009129 0.003965
0 0.428371 0.286031 0.006320 0.003032
0 0.439431 0.285564 0.005267 0.002565
0 0.664677 0.289995 0.014045 0.013293
0 0.357971 0.283699 0.005969 0.004431
0 0.323560 0.283815 0.005969 0.004664
0 0.690309 0.282066 0.003511 0.002565
0 0.933111 0.284632 0.012992 0.008629
0 0.209972 0.279967 0.001404 0.001166
0 0.467346 0.279618 0.004213 0.003265
0 0.728757 0.280317 0.008076 0.007929
0 0.442240 0.278102 0.003862 0.003498
0 0.677844 0.278918 0.004565 0.005597
0 0.362184 0.277052 0.003160 0.001866
0 0.691011 0.277285 0.005618 0.003265
0 0.510358 0.276936 0.003862 0.002565
0 0.431706 0.278102 0.010183 0.005830
0 0.760358 0.282066 0.012289 0.014692
0 0.531777 0.289995 0.019312 0.031483
0 0.518610 0.276936 0.007022 0.005364
0 0.367978 0.275536 0.003511 0.002565
0 0.923982 0.278568 0.012289 0.009562
0 0.323385 0.274604 0.004213 0.002099
0 0.311447 0.274604 0.005618 0.002565
0 1.188904 0.275886 0.010534 0.006996
0 0.511412 0.273321 0.003862 0.002332
0 0.434515 0.273321 0.008778 0.003265
0 0.360428 0.272271 0.002458 0.001632
0 0.635007 0.275187 0.013694 0.008396
0 0.376931 0.273204 0.006671 0.005364
0 0.563729 0.271922 0.003862 0.003265
0 0.677493 0.271105 0.003160 0.002565
0 0.492802 0.273438 0.007374 0.008162
0 0.444347 0.270989 0.004565 0.003265
0 0.648174 0.280550 0.016152 0.022854
0 1.169944 0.270756 0.004916 0.003731
0 0.771945 0.269823 0.003862 0.002332
0 0.728406 0.270056 0.003862 0.002799
0 0.420295 0.269356 0.002107 0.001866
0 0.780197 0.268540 0.002809 0.002565
0 0.744909 0.270639 0.010183 0.008162
0 0.375527 0.267724 0.003160 0.002332
0 0.491397 0.266208 0.003160 0.003032
0 0.909059 0.265858 0.006320 0.003265
0 0.327247 0.268540 0.012640 0.008629
0 0.354810 0.264576 0.003160 0.002099
0 0.375527 0.264226 0.005969 0.002332
0 0.649228 0.266908 0.023876 0.009095
0 0.604284 0.266325 0.009129 0.008396
0 0.318118 0.263643 0.004916 0.003032
0 0.613940 0.263176 0.004565 0.002565
0 0.330407 0.262360 0.004916 0.002799
0 0.747542 0.262826 0.010534 0.005597
0 0.384656 0.260378 0.002458 0.002565
0 0.448912 0.261660 0.014396 0.006530
0 0.388167 0.258862 0.001756 0.001399
0 0.432233 0.261660 0.019663 0.007463
0 0.757725 0.259095 0.004213 0.003265
0 0.717697 0.257696 0.002107 0.001399
0 0.705056 0.271922 0.018258 0.030784
0 0.726124 0.262826 0.014747 0.013060
0 0.367451 0.256180 0.002458 0.002099
0 0.678722 0.267840 0.027388 0.025886
0 0.330583 0.256763 0.003862 0.004198
0 0.397823 0.255131 0.002809 0.001399
0 0.336201 0.255597 0.002458 0.002332
0 0.756496 0.255597 0.003862 0.002799
0 0.481039 0.257696 0.014045 0.007463
0 0.776685 0.255480 0.006320 0.004431
0 0.730162 0.254664 0.007374 0.003265
0 0.688378 0.251982 0.002458 0.002099
0 0.395716 0.251982 0.003511 0.003032
0 0.716117 0.252449 0.008076 0.005364
0 0.702949 0.254081 0.016152 0.008629
0 0.616222 0.251632 0.004916 0.004664
0 0.606566 0.251632 0.005267 0.005131
0 0.421699 0.253965 0.019663 0.009795
0 0.767381 0.249650 0.003862 0.002099
0 0.693820 0.248834 0.002107 0.001866
0 0.656601 0.251749 0.009831 0.007696
0 0.598490 0.251982 0.008076 0.008162
0 0.405372 0.248951 0.005267 0.003965
0 0.729284 0.248834 0.007022 0.006063
0 0.752282 0.247668 0.003862 0.004198
0 0.775983 0.247785 0.007725 0.005364
0 0.702247 0.247318 0.004916 0.004897
0 0.665906 0.245686 0.002458 0.002099
0 0.708041 0.246269 0.006671 0.004664
0 0.731742 0.244286 0.002809 0.001632
0 0.688202 0.244403 0.005618 0.002799
0 0.577247 0.244286 0.006320 0.003032
0 0.718750 0.244986 0.007725 0.004897
0 0.347261 0.245452 0.005618 0.008162
0 0.727001 0.242654 0.008076 0.003498
0 0.381671 0.249883 0.024579 0.018890
0 0.768083 0.240089 0.003862 0.003032
0 0.661166 0.242654 0.007725 0.008162
0 0.693996 0.241021 0.009480 0.005364
0 0.670822 0.239506 0.003160 0.002332
0 0.714010 0.238923 0.005969 0.003965
0 0.640801 0.240438 0.013343 0.007463
0 0.659761 0.236824 0.004213 0.002565
0 0.726124 0.237057 0.016854 0.007696
0 0.718048 0.233792 0.004213 0.003498
0 0.636938 0.232509 0.004916 0.003265
0 0.726299 0.231460 0.004565 0.003032
0 0.539326 0.232859 0.009831 0.007696
0 0.526334 0.231343 0.008427 0.004664
0 0.746313 0.230294 0.008778 0.006297
0 0.631320 0.227029 0.002809 0.001632
0 0.649930 0.226329 0.003511 0.002099
0 0.573034 0.231926 0.015449 0.013293
0 0.550386 0.233326 0.037570 0.017024
0 0.755794 0.225163 0.013694 0.009095
0 0.578301 0.220965 0.003511 0.002099
0 0.728055 0.219683 0.003160 0.001866
0 0.736482 0.226446 0.013694 0.020522
0 0.776510 0.219566 0.014396 0.008162
0 0.754916 0.215718 0.006320 0.006063
0 0.770365 0.212920 0.002809 0.002332
0 0.783181 0.211404 0.003160 0.002099
0 0.582338 0.214552 0.010885 0.010728
0 0.733497 0.211054 0.007725 0.009795
0 0.780723 0.205690 0.008778 0.006530
0 0.597788 0.203242 0.003160 0.002099
0 0.594101 0.203475 0.004213 0.004897
0 0.605864 0.222831 0.051615 0.043610
0 0.761236 0.204408 0.004916 0.007696
0 0.319347 0.201842 0.003862 0.002565
0 0.604810 0.202425 0.007374 0.005131
0 0.729284 0.202309 0.014045 0.009095
0 0.722963 0.198461 0.003511 0.002799
0 0.614642 0.201026 0.008076 0.007929
0 0.760358 0.197528 0.003862 0.002799
0 0.652037 0.196945 0.004213 0.002565
0 0.629213 0.209072 0.024579 0.028685
0 0.729108 0.195429 0.003160 0.002332
0 0.597612 0.196945 0.007725 0.005830
0 0.745611 0.194380 0.002458 0.002099
0 0.773701 0.197062 0.017205 0.007929
0 0.741573 0.195546 0.002809 0.004897
0 0.735428 0.193447 0.001756 0.001166
0 0.758778 0.193913 0.003511 0.002565
0 0.750176 0.193214 0.003862 0.004431
0 0.724368 0.191231 0.002809 0.002332
0 0.467872 0.193447 0.009480 0.006763
0 0.151861 0.190299 0.003160 0.001866
0 0.673982 0.189249 0.001756 0.001632
0 0.715239 0.188666 0.001404 0.000933
0 0.730162 0.189132 0.005969 0.005597
0 0.457514 0.188200 0.010534 0.007929
0 0.435744 0.184935 0.003511 0.002799
0 0.744031 0.185285 0.006320 0.003965
0 0.464888 0.186101 0.003511 0.005597
0 0.637816 0.183769 0.005267 0.004664
0 0.468926 0.179921 0.003160 0.002099
0 0.395716 0.180271 0.003511 0.002799
0 0.725246 0.177822 0.002458 0.001632
0 0.611482 0.178755 0.015098 0.007696
0 0.731742 0.176772 0.004213 0.004198
0 0.712079 0.179571 0.014747 0.012127
0 0.696103 0.177122 0.009480 0.007229
0 0.661341 0.174557 0.002458 0.002099
0 0.641327 0.174907 0.003862 0.002799
0 0.656074 0.172808 0.003160 0.002332
0 0.619558 0.170942 0.003160 0.002799
0 0.694171 0.170826 0.004213 0.005364
0 0.672402 0.170009 0.005618 0.003731
0 0.734199 0.168027 0.003511 0.001166
0 0.627282 0.167444 0.003862 0.002799
0 0.650105 0.164296 0.005267 0.003032
0 0.643258 0.162896 0.002107 0.002099
0 0.684867 0.163013 0.020014 0.008396
0 0.662395 0.161964 0.017907 0.009562
0 0.659059 0.150886 0.005618 0.003265
0 0.697331 0.149021 0.004213 0.001866
0 0.690309 0.139809 0.003511 0.002565
0 0.632900 0.131530 0.002458 0.001866
0 0.708392 0.129081 0.002458 0.001166
0 0.720154 0.129897 0.002809 0.004198
0 0.477001 0.126283 0.003160 0.003498
0 0.384831 0.125000 0.003511 0.003731
0 0.707690 0.124067 0.003160 0.002332
0 0.718574 0.123484 0.004565 0.003965
0 0.665555 0.124534 0.007374 0.006996
0 0.380794 0.122085 0.003160 0.002099
0 0.373771 0.119986 0.004565 0.003032
0 0.381847 0.116021 0.002458 0.002565
0 0.374824 0.115205 0.003160 0.001866
0 0.688904 0.121618 0.018258 0.015625
0 0.348139 0.111241 0.003862 0.002332
0 0.405548 0.109958 0.004213 0.003032
0 0.365169 0.113106 0.011938 0.009328
0 0.673455 0.107509 0.004213 0.003731
0 0.427844 0.106343 0.004565 0.001866
0 1.166433 0.105294 0.004916 0.002099
0 0.416257 0.106227 0.005969 0.004431
0 0.422226 0.103778 0.002458 0.002332
0 0.442065 0.101679 0.002809 0.002332
0 0.360779 0.101796 0.021419 0.009562
0 0.383954 0.098647 0.011587 0.006530
0 0.386236 0.094100 0.002809 0.002099
0 0.623069 0.087570 0.008778 0.005830
0 0.492802 0.086054 0.005267 0.005131
0 0.648701 0.081740 0.005267 0.003032
0 1.043539 0.081740 0.004916 0.003498
0 0.462254 0.080924 0.002458 0.001866
0 0.843048 0.079291 0.003511 0.002332
0 0.825140 0.077892 0.005618 0.003265
0 0.862886 0.076842 0.003160 0.002565
0 1.044242 0.076609 0.003511 0.003498
0 0.808462 0.074277 0.003862 0.002565
0 0.839888 0.066814 0.008427 0.007229
0 0.935218 0.062733 0.009480 0.004198
0 0.928722 0.055620 0.007725 0.003032
0 0.390976 0.056320 0.006671 0.004431
0 0.574789 0.048857 0.007725 0.003965
0 0.619031 0.048624 0.005618 0.004431
0 0.601826 0.035798 0.003511 0.003498
0 0.936096 0.031833 0.003511 0.002565
0 0.999473 0.031367 0.004565 0.004897
0 0.585674 0.026936 0.002107 0.002099
0 0.579178 0.026119 0.007374 0.003731
0 0.597437 0.025536 0.013694 0.012360
0 0.574614 0.021339 0.006671 0.004897
0 0.561096 0.020639 0.007725 0.003965
0 0.567767 0.014692 0.007022 0.008396
0 0.605513 0.010728 0.006671 0.003731
0 0.622893 0.012010 0.009831 0.012360
0 0.616397 0.005830 0.005267 0.003731
