0 1.035990 0.646922 0.008778 0.004198
0 1.034059 0.639342 0.023876 0.006763
0 1.060393 0.629314 0.011236 0.004897
0 0.401861 0.422575 0.011587 0.006530
0 0.638869 0.411730 0.015098 0.010961
0 0.396067 0.405084 0.011938 0.006063
0 0.316011 0.394590 0.009129 0.004664
0 0.402388 0.388876 0.014045 0.008629
0 0.340063 0.383279 0.006671 0.003032
0 0.339537 0.378731 0.005618 0.003265
0 0.327598 0.378148 0.009129 0.003965
0 0.788448 0.376516 0.012289 0.008162
0 0.329881 0.374067 0.006671 0.003731
0 0.319698 0.374883 0.012289 0.007696
0 0.795471 0.368937 0.010183 0.005597
0 0.784235 0.364972 0.008076 0.003731
0 0.820751 0.363573 0.004565 0.003265
0 0.305126 0.361241 0.003511 0.002332
0 0.836201 0.356576 0.003862 0.002799
0 0.308813 0.356810 0.005969 0.003265
0 0.780899 0.356926 0.014747 0.006763
0 0.830407 0.349813 0.003511 0.002332
0 0.495435 0.347715 0.002809 0.002332
0 0.649403 0.345382 0.017205 0.008862
0 0.627985 0.340368 0.007374 0.004897
0 0.474368 0.337570 0.005618 0.003498
0 0.636412 0.336637 0.015801 0.010494
0 0.875878 0.329991 0.004565 0.003731
0 0.664677 0.333955 0.032303 0.012593
0 0.582690 0.330340 0.014396 0.007696
0 0.598315 0.329757 0.007022 0.009795
0 0.880794 0.325443 0.005267 0.001632
0 0.880794 0.317631 0.008076 0.003731
0 0.864993 0.312034 0.015098 0.009328
0 0.841117 0.307369 0.012289 0.005131
0 0.842170 0.299907 0.008778 0.005597
0 0.493329 0.293027 0.008427 0.003965
0 0.485604 0.287430 0.008427 0.003965
0 0.538448 0.276936 0.003862 0.002565
0 0.460323 0.282066 0.013343 0.013759
0 0.650456 0.271688 0.008076 0.003731
