0 0.191362 0.506763 0.002809 0.002799
0 0.201369 0.502449 0.003862 0.004897
0 0.212605 0.496735 0.002458 0.002799
0 0.218926 0.492771 0.003862 0.003731
0 0.546348 0.470965 0.011236 0.009095
0 0.547051 0.459072 0.007725 0.012360
0 0.342872 0.451026 0.004565 0.004198
0 0.335147 0.451259 0.006671 0.007463
0 0.348490 0.447761 0.007374 0.003265
0 0.195751 0.445196 0.003862 0.002799
0 0.361131 0.442747 0.003862 0.002099
0 0.367978 0.442281 0.004916 0.003965
0 0.352879 0.440882 0.011938 0.003498
0 0.179600 0.439715 0.003160 0.002565
0 0.348666 0.437500 0.003511 0.001866
0 0.195049 0.437383 0.004565 0.003498
0 0.371489 0.435051 0.002809 0.003032
0 0.146945 0.428172 0.002458 0.002332
0 0.333392 0.426539 0.005267 0.003265
0 0.180478 0.425956 0.002809 0.002565
0 0.130442 0.424790 0.004565 0.003032
0 0.139045 0.424440 0.007725 0.005597
0 1.207865 0.419543 0.007725 0.006063
0 0.163799 0.417794 0.003160 0.002565
0 0.136587 0.416628 0.003511 0.002099
0 1.187324 0.407999 0.009480 0.005830
0 0.145014 0.406483 0.002809 0.003265
0 0.211552 0.401469 0.004565 0.002099
0 0.775105 0.399487 0.005267 0.003731
0 1.192416 0.399953 0.006320 0.005131
0 0.201018 0.398321 0.003160 0.003731
0 0.165555 0.392724 0.003862 0.001866
0 0.186622 0.390042 0.005969 0.003965
0 1.192065 0.390742 0.005618 0.005830
0 0.763167 0.392840 0.009480 0.010961
0 0.857619 0.393074 0.007374 0.011894
0 1.199614 0.392374 0.007374 0.010961
0 0.848315 0.386660 0.010534 0.017724
0 0.824789 0.388526 0.032303 0.021455
0 0.794593 0.378615 0.005618 0.006297
0 0.784937 0.386077 0.029143 0.022155
0 0.760358 0.379548 0.019312 0.009562
0 0.868153 0.378382 0.008778 0.012826
0 0.858146 0.376982 0.009129 0.010961
0 0.809164 0.378965 0.022823 0.020056
0 0.748244 0.372201 0.008427 0.008396
0 0.712781 0.375466 0.056180 0.015392
0 0.678371 0.370336 0.009129 0.005131
0 0.887992 0.369636 0.008427 0.006996
0 0.843750 0.371269 0.014045 0.013526
0 1.146419 0.365905 0.005618 0.004198
0 0.871138 0.363806 0.033006 0.008396
0 0.708216 0.356926 0.006320 0.003965
0 0.728757 0.355993 0.021419 0.010494
0 0.741924 0.350047 0.007725 0.006063
0 0.753687 0.350513 0.008778 0.008862
0 0.694874 0.350746 0.030899 0.010728
0 0.823736 0.343983 0.004213 0.004664
0 0.665204 0.350396 0.022121 0.019356
0 0.701545 0.340485 0.037921 0.013526
0 0.686973 0.335704 0.005969 0.003965
0 0.861131 0.337104 0.010885 0.008629
0 0.565836 0.333489 0.012289 0.007929
0 0.731566 0.336987 0.027037 0.015392
0 0.883603 0.333022 0.017205 0.008862
0 0.565133 0.328825 0.005969 0.006063
0 0.597261 0.325210 0.007022 0.004897
0 0.589712 0.321129 0.008778 0.004198
0 0.644136 0.322761 0.010183 0.007929
0 0.798104 0.328358 0.038624 0.026119
0 0.564782 0.319263 0.012992 0.009328
0 0.579529 0.315882 0.007374 0.005364
0 0.847261 0.323811 0.057584 0.029618
0 0.669417 0.313200 0.023525 0.017257
0 0.830583 0.303638 0.005969 0.009795
0 0.836552 0.299207 0.005267 0.006063
0 0.862535 0.301656 0.008778 0.011427
0 0.648350 0.298741 0.008076 0.006530
0 0.677844 0.297924 0.005969 0.008162
0 0.687149 0.294193 0.003511 0.004431
0 0.700316 0.289179 0.005267 0.004664
0 0.854635 0.291278 0.013343 0.012593
0 0.665555 0.286614 0.011587 0.010728
0 0.727528 0.280900 0.010534 0.007696
0 0.684340 0.279734 0.014045 0.014692
0 0.716468 0.263526 0.008076 0.007929
0 0.332514 0.223647 0.009831 0.007463
0 0.330407 0.206973 0.008427 0.003965
0 0.400632 0.201493 0.012640 0.005597
0 0.358322 0.197994 0.003862 0.003265
0 0.312500 0.193214 0.004916 0.002565
0 0.331110 0.197878 0.016854 0.012360
0 0.304249 0.194380 0.008076 0.008629
0 0.329354 0.190882 0.004213 0.002565
0 0.297402 0.190882 0.002809 0.002565
0 0.361131 0.192164 0.010183 0.006996
0 0.339010 0.185285 0.003160 0.002099
0 0.308111 0.184235 0.002458 0.002332
0 0.329354 0.184118 0.004916 0.003498
0 0.313729 0.186217 0.009480 0.009095
0 0.322683 0.174440 0.007022 0.004664
0 0.304951 0.172924 0.003160 0.003032
0 0.333567 0.172341 0.002809 0.002332
0 0.333041 0.168610 0.002458 0.003265
0 0.324789 0.168377 0.004916 0.003265
0 0.336201 0.158465 0.004565 0.003498
0 0.966468 0.043727 0.002458 0.002565
0 0.932584 0.043727 0.002809 0.002565
0 0.959796 0.041045 0.004565 0.004198
0 0.971208 0.037430 0.009129 0.007696
0 0.982971 0.033932 0.003160 0.002565
0 1.002985 0.028918 0.005267 0.002799
0 0.975597 0.027868 0.013694 0.008162
0 1.000527 0.022155 0.003160 0.002799
0 0.987008 0.021922 0.003511 0.002799
0 0.974544 0.019356 0.008076 0.006063
0 0.983673 0.018074 0.003862 0.004431
