0 0.410112 0.615089 0.008427 0.005364
0 0.417837 0.611357 0.005618 0.002565
0 0.419066 0.588853 0.005969 0.002799
0 0.381320 0.588853 0.006320 0.003731
0 0.404670 0.581973 0.008778 0.005364
0 0.387289 0.579174 0.004213 0.003032
0 0.249473 0.564832 0.004565 0.002799
0 1.152037 0.516791 0.021067 0.011194
0 1.123244 0.513060 0.023174 0.007463
0 0.910990 0.503848 0.010885 0.007229
0 0.943820 0.496735 0.008427 0.005131
0 0.933813 0.463969 0.010183 0.006297
0 0.870084 0.450210 0.010534 0.009562
0 0.930478 0.446945 0.009831 0.006763
0 0.950492 0.437267 0.011938 0.006063
0 0.903265 0.440299 0.011587 0.013526
0 1.084094 0.430154 0.010183 0.007229
0 1.172753 0.427472 0.011236 0.007463
0 0.884480 0.425257 0.008427 0.005364
0 0.951545 0.426306 0.015449 0.015858
0 0.915204 0.420476 0.013694 0.009328
0 0.958216 0.406133 0.004916 0.006763
0 0.913097 0.401702 0.007374 0.012826
0 1.182760 0.401469 0.019312 0.018424
0 1.154846 0.388643 0.011236 0.022621
0 1.111482 0.364739 0.017205 0.008862
0 1.095681 0.363223 0.010885 0.007696
0 0.941538 0.353078 0.007374 0.009795
0 0.928020 0.351796 0.006320 0.015625
0 1.060042 0.342934 0.030197 0.011894
0 1.135007 0.333022 0.006671 0.008862
0 1.120787 0.329641 0.007022 0.005830
0 1.005618 0.333022 0.016152 0.012593
0 1.071629 0.326959 0.006320 0.005597
0 1.118504 0.320079 0.005969 0.004431
0 1.149228 0.322761 0.018961 0.013060
0 1.192767 0.316698 0.006320 0.003731
0 0.983497 0.314249 0.023174 0.012360
0 1.136236 0.311334 0.028090 0.011194
0 0.792837 0.305620 0.004916 0.008162
0 0.756671 0.285098 0.011938 0.004897
0 0.914501 0.283932 0.017907 0.015159
0 1.143610 0.288946 0.029494 0.034515
0 1.147823 0.271455 0.004916 0.003265
0 1.178020 0.272621 0.009831 0.006530
0 1.158181 0.269939 0.010885 0.007229
0 1.140274 0.264342 0.017907 0.011427
0 1.170822 0.263759 0.020716 0.010728
0 1.131671 0.256413 0.007022 0.005364
0 1.055653 0.259445 0.012992 0.011427
0 1.078476 0.249534 0.005969 0.004664
0 1.097788 0.246735 0.005969 0.005597
0 1.047226 0.243703 0.010885 0.006063
0 1.161341 0.249300 0.037570 0.021922
0 1.001404 0.238340 0.006320 0.004198
0 1.113764 0.239972 0.035112 0.021922
0 1.062851 0.233326 0.017556 0.009095
0 1.080934 0.224813 0.010183 0.006063
0 0.974719 0.223997 0.010534 0.005830
0 1.195751 0.223881 0.010885 0.008396
0 0.926440 0.218167 0.020716 0.008162
0 1.046875 0.202892 0.015801 0.007463
0 1.002985 0.211754 0.054424 0.039646
0 0.942240 0.196479 0.077598 0.039879
0 0.906777 0.173974 0.029846 0.011194
0 1.054424 0.168960 0.053371 0.028218
0 0.992626 0.156367 0.009831 0.006297
0 0.965414 0.149137 0.006671 0.004431
0 0.986306 0.147621 0.016854 0.012127
0 0.902563 0.138176 0.005267 0.004431
0 0.952247 0.136660 0.025983 0.006996
0 1.002458 0.137477 0.023876 0.015159
0 1.088483 0.138410 0.021770 0.019356
0 1.066538 0.117654 0.015098 0.008629
0 1.041257 0.116488 0.017907 0.009562
