0 0.907654 0.501166 0.004213 0.003265
0 0.953476 0.496852 0.002458 0.002565
0 0.880267 0.495569 0.002809 0.001399
0 0.385183 0.496269 0.006320 0.004664
0 0.882198 0.491721 0.003160 0.001632
0 0.907479 0.489039 0.011587 0.005597
0 1.024930 0.476096 0.006320 0.003032
0 0.897647 0.473414 0.003862 0.003265
0 1.062851 0.465485 0.003511 0.002332
0 1.009129 0.439482 0.003511 0.002099
0 1.031777 0.439132 0.002458 0.001866
0 1.087079 0.414762 0.003511 0.002565
0 1.155372 0.409632 0.005969 0.002565
0 0.787921 0.410098 0.006320 0.003965
0 1.127458 0.402985 0.004213 0.002799
0 0.789853 0.400070 0.012992 0.006297
0 1.147999 0.394473 0.006671 0.003498
0 1.154319 0.385844 0.004565 0.003032
0 1.059340 0.384445 0.002809 0.003032
0 1.159937 0.376166 0.003862 0.002332
0 1.218750 0.368120 0.004213 0.001632
0 1.175913 0.360658 0.005618 0.002565
0 1.162570 0.359375 0.003511 0.002799
0 1.212956 0.358326 0.004565 0.003498
0 0.847437 0.339902 0.005267 0.003965
0 1.173104 0.339319 0.004213 0.003265
0 0.844628 0.333955 0.005267 0.004664
0 0.765449 0.332090 0.003511 0.004198
0 0.754389 0.331157 0.003160 0.002332
0 0.828652 0.329408 0.003511 0.002565
0 0.759480 0.328125 0.007725 0.004664
0 0.727704 0.324977 0.001756 0.002565
0 0.751229 0.325093 0.003862 0.003265
0 0.734024 0.319963 0.003160 0.002332
0 0.765098 0.318330 0.002809 0.002799
0 0.742275 0.316814 0.003511 0.003032
0 0.731390 0.315532 0.004213 0.002799
0 1.128336 0.316115 0.006671 0.004431
0 0.843399 0.313200 0.009129 0.006530
0 0.720506 0.312966 0.008427 0.006063
0 0.824263 0.310984 0.003862 0.003032
0 0.778090 0.310168 0.005618 0.002799
0 0.834270 0.310401 0.003511 0.003731
0 0.801264 0.311217 0.006320 0.006763
0 0.725948 0.308302 0.003862 0.003265
0 0.763869 0.305387 0.003862 0.003032
0 0.752282 0.304921 0.002458 0.003032
0 0.805478 0.303638 0.008427 0.005131
0 0.827072 0.300373 0.003160 0.002332
0 0.832690 0.300956 0.004565 0.004897
0 0.783708 0.302006 0.014045 0.011660
0 0.769663 0.299090 0.011236 0.008629
0 1.185920 0.294193 0.003160 0.001632
0 0.833392 0.293377 0.004565 0.004198
0 0.731742 0.291511 0.003511 0.003265
0 0.727353 0.284282 0.003160 0.002799
0 1.132198 0.183652 0.004565 0.002565
