0 0.768785 0.591418 0.006671 0.004198
0 0.455056 0.451259 0.013343 0.008396
0 0.442942 0.446479 0.003862 0.005830
0 0.729459 0.434701 0.005969 0.005597
0 0.939431 0.416861 0.003160 0.001632
0 0.472612 0.416045 0.009831 0.009795
0 0.925562 0.399487 0.002809 0.002799
0 0.920646 0.398787 0.003511 0.003265
0 0.926615 0.393657 0.011236 0.006996
0 0.753160 0.390508 0.012640 0.010028
0 0.738940 0.385028 0.003862 0.004664
0 0.956987 0.382463 0.005969 0.006063
0 0.246489 0.369403 0.006320 0.004664
0 0.750878 0.356810 0.008076 0.009795
0 0.685218 0.347248 0.004565 0.003731
0 0.764572 0.346782 0.003862 0.009328
0 0.645892 0.340252 0.008076 0.006530
0 0.719101 0.337570 0.005618 0.004431
0 0.638869 0.333839 0.006671 0.003965
0 0.725597 0.346432 0.051615 0.032416
0 0.725421 0.332206 0.005618 0.004431
0 0.834972 0.331623 0.004213 0.004664
0 0.687676 0.331040 0.005267 0.004897
0 0.823385 0.328242 0.008427 0.007696
0 0.707338 0.329874 0.018610 0.011894
0 0.836025 0.325910 0.002809 0.004897
0 0.847437 0.325326 0.002458 0.005131
0 0.844101 0.322878 0.002809 0.003965
0 0.831110 0.307369 0.002809 0.004664
0 0.826721 0.307719 0.004565 0.005364
0 0.840941 0.313433 0.011938 0.018657
0 0.745787 0.254897 0.003511 0.005597
0 0.752985 0.253498 0.008076 0.009328
0 0.736833 0.232043 0.009480 0.014925
0 0.901510 0.203475 0.008778 0.008162
0 0.914677 0.201026 0.003511 0.006063
0 0.940836 0.195312 0.005267 0.003965
0 0.905197 0.195896 0.008427 0.007929
0 0.948736 0.192048 0.005618 0.003965
0 0.928897 0.192048 0.008076 0.009562
0 0.981039 0.187850 0.008427 0.006297
0 0.943645 0.187617 0.010183 0.006297
0 0.965590 0.185401 0.004213 0.002799
0 0.910288 0.182369 0.007374 0.005597
0 0.170119 0.178172 0.004565 0.003265
0 0.950140 0.173974 0.007725 0.005597
0 0.944171 0.172341 0.004213 0.003265
0 0.175211 0.173274 0.004916 0.006063
0 0.184691 0.163246 0.004213 0.004198
0 0.871664 0.137826 0.002458 0.002799
0 0.872893 0.133512 0.004916 0.003965
0 0.876756 0.118004 0.004916 0.003731
0 0.888518 0.108675 0.002458 0.005597
0 0.874298 0.108209 0.005618 0.004664
0 0.914150 0.104478 0.005267 0.003731
0 0.879740 0.103078 0.003862 0.003731
0 0.893785 0.109608 0.016503 0.020989
0 0.903792 0.096898 0.016152 0.010961
0 0.885358 0.092584 0.003160 0.002799
0 0.909761 0.086637 0.005618 0.003032
0 0.684691 0.077542 0.004916 0.003498
0 0.638518 0.074510 0.010885 0.007229
0 0.670646 0.073111 0.009831 0.005364
0 0.606039 0.073111 0.007022 0.008162
0 0.920646 0.070196 0.002809 0.002799
0 0.924684 0.069263 0.004565 0.003731
0 0.696454 0.072062 0.012289 0.009795
0 0.928897 0.068214 0.003160 0.002565
0 0.909937 0.068330 0.007374 0.006530
0 0.683989 0.069030 0.009831 0.009328
0 0.902037 0.066231 0.006320 0.006063
0 1.038097 0.066698 0.013694 0.009328
0 0.651861 0.063666 0.005267 0.003731
0 0.872893 0.062500 0.003511 0.002332
0 0.643258 0.062383 0.002809 0.003498
0 0.708743 0.062850 0.003862 0.005830
0 0.660639 0.063316 0.007374 0.009095
0 0.883427 0.058885 0.003511 0.002099
0 0.878160 0.058652 0.004213 0.002099
0 0.639923 0.059468 0.004565 0.005597
0 0.645190 0.057369 0.003862 0.003265
0 0.690485 0.057253 0.005969 0.004431
0 0.707690 0.056437 0.005267 0.004198
0 0.593926 0.056320 0.003862 0.003965
0 0.876580 0.055037 0.003862 0.002332
0 0.696454 0.058419 0.005267 0.010028
0 0.670119 0.058535 0.010885 0.010261
0 0.871664 0.054454 0.003862 0.002565
0 0.892381 0.057253 0.014396 0.009562
0 0.859199 0.055037 0.018258 0.008862
0 0.701194 0.051772 0.007725 0.007463
0 0.681531 0.048624 0.005618 0.003032
0 0.604284 0.045126 0.004213 0.003032
0 0.656074 0.044076 0.003862 0.002332
0 0.717521 0.048974 0.015098 0.012593
0 0.732795 0.044893 0.012640 0.010961
0 0.719101 0.039762 0.011236 0.006297
0 0.755618 0.037080 0.006320 0.004198
0 0.596383 0.032882 0.003862 0.003731
0 0.747893 0.029967 0.004213 0.004431
0 0.776334 0.029734 0.007725 0.007696
0 0.598315 0.022971 0.008427 0.006763
