0 0.477001 0.442980 0.020716 0.013293
0 0.895892 0.415345 0.005969 0.002799
0 1.167310 0.403102 0.008076 0.008162
0 0.519312 0.400303 0.007725 0.005830
0 1.045119 0.372901 0.001756 0.001399
0 1.053195 0.374067 0.008778 0.005597
0 0.872191 0.371852 0.002107 0.001632
0 0.856566 0.371502 0.003862 0.001866
0 1.025808 0.370569 0.029846 0.007929
0 1.081110 0.368004 0.006320 0.004198
0 1.063904 0.366721 0.007022 0.005364
0 1.102001 0.363106 0.001756 0.001399
0 1.109199 0.361590 0.007725 0.003498
0 1.048806 0.357626 0.002809 0.002099
0 1.108146 0.357859 0.010534 0.005364
0 1.081987 0.359492 0.036868 0.019823
0 1.026510 0.355177 0.036166 0.014459
0 1.064607 0.342234 0.050562 0.017491
0 1.095681 0.338736 0.012992 0.014692
0 1.054600 0.334771 0.025632 0.010028
0 1.123420 0.336987 0.041081 0.015392
0 1.020541 0.338036 0.039677 0.018424
0 1.008954 0.329174 0.012289 0.005830
0 1.159937 0.327076 0.004565 0.002565
0 1.006320 0.325210 0.003511 0.002565
0 1.019663 0.323694 0.002809 0.001866
0 1.094101 0.323461 0.004916 0.002332
0 0.993504 0.321479 0.003160 0.002099
0 0.977528 0.319846 0.002809 0.001632
0 1.016152 0.316931 0.002809 0.003265
0 1.110604 0.312733 0.004213 0.003265
0 1.040555 0.312733 0.003862 0.003731
0 1.180653 0.310984 0.005267 0.003032
0 1.055302 0.312034 0.007374 0.006063
0 1.009480 0.310168 0.003511 0.003731
0 1.126931 0.311917 0.026334 0.010028
0 1.139747 0.319729 0.063202 0.026119
0 0.937851 0.302006 0.003511 0.003731
0 1.143610 0.301306 0.015449 0.010261
0 0.977704 0.302938 0.018610 0.014925
0 1.127985 0.296059 0.003862 0.002565
0 1.146945 0.293144 0.003160 0.002332
0 0.963659 0.294893 0.012289 0.007696
0 1.151861 0.291978 0.005267 0.002332
0 1.136763 0.294893 0.008778 0.008162
0 0.993680 0.291628 0.006320 0.006297
0 0.753336 0.292327 0.012992 0.008629
0 1.148350 0.287197 0.012289 0.007696
0 1.132022 0.284398 0.007022 0.003965
0 1.010885 0.281133 0.002809 0.003032
0 1.125878 0.281133 0.006671 0.004431
0 1.133427 0.279734 0.008427 0.003965
0 1.138343 0.277169 0.004916 0.002099
0 0.988237 0.280084 0.024930 0.012127
0 1.147999 0.273438 0.005969 0.003032
0 1.157654 0.273787 0.006320 0.005597
0 1.014396 0.270056 0.016152 0.003265
0 1.127282 0.269123 0.003160 0.002799
0 1.035112 0.266908 0.003511 0.002099
0 1.044944 0.261777 0.003511 0.005830
0 1.018258 0.261311 0.014747 0.008162
0 1.052844 0.258745 0.005267 0.005364
0 1.145892 0.259095 0.009480 0.007463
0 1.158532 0.259911 0.008778 0.009562
0 1.031074 0.253382 0.020014 0.010028
0 1.079178 0.251399 0.021419 0.010728
0 1.137816 0.250466 0.020014 0.013060
0 1.041608 0.246385 0.010885 0.006297
0 0.940485 0.253265 0.024930 0.022388
0 1.061622 0.240438 0.002458 0.001866
0 1.061096 0.244170 0.018961 0.011194
0 1.087430 0.238573 0.003511 0.002332
0 1.077774 0.241021 0.012289 0.010028
0 0.952598 0.236007 0.004213 0.003265
0 0.987711 0.239389 0.010534 0.010961
0 1.092170 0.234492 0.003160 0.002565
0 1.082690 0.232976 0.003160 0.002799
0 1.115871 0.245569 0.040028 0.030784
0 1.110428 0.229944 0.008076 0.003731
0 1.088308 0.228778 0.003160 0.001399
0 1.026334 0.230061 0.009831 0.004897
0 1.014747 0.225396 0.002809 0.000700
0 1.097612 0.224930 0.006320 0.002565
0 1.063729 0.227962 0.025632 0.009562
0 1.038272 0.224697 0.004213 0.003498
0 1.007900 0.220849 0.005969 0.002332
0 1.110604 0.220732 0.015449 0.005830
0 1.024579 0.220266 0.016854 0.008162
0 1.104108 0.214669 0.004565 0.004897
0 1.114817 0.211521 0.002107 0.002332
0 1.033883 0.214785 0.015801 0.011194
0 1.067942 0.213853 0.020014 0.009795
0 1.088834 0.214669 0.018258 0.014692
0 1.030197 0.203475 0.016854 0.008162
0 0.889923 0.198577 0.005267 0.003032
0 1.013343 0.190182 0.002107 0.001166
0 1.004565 0.187383 0.009129 0.005830
0 1.012992 0.185285 0.003511 0.002565
0 0.978757 0.185401 0.005969 0.003265
0 0.991924 0.182020 0.003511 0.002099
0 1.021770 0.179688 0.003511 0.002565
0 0.990169 0.178405 0.005618 0.003731
0 1.000000 0.166628 0.006320 0.004431
