0 0.361306 0.643074 0.002809 0.001632
0 0.368680 0.642374 0.006320 0.003965
0 0.310744 0.617887 0.007022 0.005830
0 0.343048 0.621968 0.021067 0.017257
0 0.389221 0.431670 0.003862 0.002799
0 0.516327 0.410564 0.008076 0.004897
0 0.295119 0.381530 0.004565 0.002332
0 0.339361 0.371269 0.006671 0.003731
0 0.301791 0.346199 0.005267 0.003032
0 0.273876 0.345382 0.007725 0.004198
0 0.260534 0.314599 0.007022 0.003731
0 0.865520 0.309235 0.006320 0.005597
0 0.610077 0.299440 0.006671 0.004664
0 0.568645 0.298624 0.004565 0.003965
0 0.862711 0.292211 0.009831 0.020989
0 0.768434 0.249650 0.003862 0.003965
0 1.243329 0.199160 0.006320 0.003265
0 0.714888 0.199510 0.009129 0.004897
0 0.728581 0.186684 0.007022 0.003965
