0 0.741397 0.446245 0.008076 0.004897
0 0.214361 0.358092 0.007374 0.003498
0 0.218750 0.353078 0.007022 0.006063
0 0.197507 0.350163 0.008778 0.005364
0 0.208567 0.349347 0.009831 0.009795
0 0.272121 0.342934 0.006320 0.003965
0 0.229284 0.341185 0.049157 0.017724
0 0.262640 0.332789 0.006320 0.005597
0 0.284937 0.333139 0.024228 0.015625
0 0.295646 0.323927 0.006320 0.003731
0 0.215765 0.324860 0.026334 0.013526
0 0.245435 0.319963 0.027388 0.008396
0 0.352879 0.317631 0.030197 0.015392
0 0.643961 0.311917 0.021770 0.010961
0 0.288624 0.301189 0.018961 0.021688
0 0.298104 0.287197 0.007725 0.007696
0 0.310393 0.286147 0.008427 0.007463
0 0.383603 0.294426 0.018610 0.027285
0 0.224017 0.284981 0.015449 0.008396
0 0.369733 0.284865 0.007022 0.009562
0 0.321629 0.284865 0.009831 0.015625
0 0.149754 0.276003 0.005969 0.005830
0 0.123771 0.276003 0.010885 0.010494
0 0.143258 0.266441 0.005618 0.005830
0 0.111306 0.261894 0.007022 0.013526
0 0.654494 0.260844 0.017556 0.011894
0 0.480864 0.207206 0.006671 0.009562
0 0.388167 0.205457 0.009480 0.011660
0 0.467346 0.203708 0.014747 0.016091
0 0.460147 0.189832 0.014396 0.008396
0 0.429600 0.185285 0.006671 0.006297
0 0.413799 0.175490 0.007374 0.005830
0 0.370611 0.175723 0.008778 0.012360
0 0.408006 0.168493 0.015449 0.005830
0 0.495787 0.166395 0.016854 0.012360
0 0.415906 0.155084 0.004565 0.003731
0 0.455934 0.147854 0.006671 0.005597
