0 0.474719 0.620686 0.003511 0.003032
0 0.362535 0.619636 0.002458 0.001399
0 0.563378 0.602029 0.003862 0.002565
0 0.320751 0.587220 0.002458 0.001399
0 0.770716 0.540462 0.004916 0.002099
0 0.773525 0.537430 0.004213 0.004431
0 0.639221 0.363106 0.003160 0.002332
0 0.642556 0.326026 0.002809 0.001866
0 0.577423 0.323228 0.003160 0.001866
0 0.570400 0.320079 0.002458 0.002099
0 0.553546 0.319380 0.003160 0.003498
0 0.628511 0.318097 0.002809 0.002799
0 0.571454 0.316465 0.003862 0.002332
0 0.576545 0.315532 0.004916 0.004198
0 0.570576 0.310984 0.009831 0.005830
0 0.559691 0.309935 0.009129 0.003731
0 0.687149 0.308652 0.002809 0.002565
0 0.580232 0.307836 0.008778 0.003265
0 0.538448 0.302006 0.002458 0.002799
0 0.582690 0.301073 0.003160 0.002332
0 0.558111 0.300606 0.003160 0.001866
0 0.668013 0.306786 0.022823 0.016091
0 0.651510 0.303172 0.013694 0.009328
0 0.541959 0.298624 0.004565 0.001632
0 0.570751 0.301539 0.022121 0.011660
0 0.531601 0.295942 0.003511 0.001866
0 0.676966 0.295826 0.004916 0.002565
0 0.555478 0.294193 0.002809 0.001632
0 0.603581 0.294076 0.003511 0.001866
0 0.576018 0.292444 0.003862 0.001866
0 0.681531 0.291511 0.007022 0.003731
0 0.674508 0.290345 0.002107 0.002332
0 0.696454 0.291511 0.011587 0.006530
0 0.625351 0.297575 0.022472 0.020056
0 0.660463 0.292561 0.021770 0.011894
0 0.684164 0.287080 0.003862 0.001866
0 0.671875 0.287080 0.002458 0.001866
0 0.697507 0.286147 0.003862 0.001399
0 0.668364 0.284865 0.002458 0.002565
0 0.701545 0.283932 0.002809 0.001632
0 0.685393 0.284049 0.002809 0.001866
0 0.681180 0.283116 0.004916 0.004664
0 0.671699 0.281017 0.002809 0.002799
0 0.675035 0.279851 0.001756 0.001399
0 0.475772 0.279851 0.004213 0.003731
0 0.685218 0.276702 0.002458 0.001632
0 0.675386 0.277052 0.003160 0.002799
0 0.648350 0.275303 0.001756 0.001166
0 0.633076 0.282299 0.020365 0.016091
0 0.644663 0.271688 0.002107 0.000933
0 0.647823 0.270872 0.002809 0.001632
0 0.668715 0.273204 0.012992 0.009095
0 0.765801 0.269823 0.004213 0.003731
0 0.652212 0.267840 0.001756 0.002099
0 0.777739 0.266791 0.005618 0.004664
0 0.729459 0.264925 0.002458 0.001399
0 0.680829 0.264576 0.002809 0.002099
0 0.673455 0.263759 0.008427 0.002799
0 0.655723 0.264342 0.006671 0.004897
0 0.692416 0.258396 0.002809 0.001866
0 0.613413 0.240788 0.006320 0.004897
0 0.571454 0.223298 0.005267 0.003965
0 0.663272 0.220616 0.002107 0.001399
0 0.562324 0.220382 0.001756 0.001399
0 0.666959 0.219450 0.002458 0.001866
0 0.603757 0.220266 0.005969 0.006763
0 0.663975 0.217118 0.003511 0.002799
0 0.622015 0.217467 0.007374 0.006763
0 0.714712 0.213853 0.001756 0.001399
0 0.708041 0.212220 0.001053 0.001866
0 0.663975 0.211637 0.004916 0.003498
0 0.590765 0.213270 0.006671 0.006763
0 0.693996 0.211754 0.005267 0.004664
0 0.652037 0.210121 0.004916 0.002799
0 0.627985 0.210588 0.003862 0.003731
0 0.602879 0.210938 0.005618 0.004897
0 0.620611 0.208372 0.003160 0.002099
0 0.716819 0.207906 0.002458 0.002099
0 0.712430 0.207906 0.002107 0.002099
0 0.600070 0.207556 0.004213 0.003731
0 0.624649 0.206973 0.004916 0.003032
0 0.633076 0.206507 0.002809 0.002565
0 0.616222 0.209422 0.007022 0.009795
0 0.670471 0.205107 0.003160 0.001632
0 0.590941 0.205107 0.004213 0.003498
0 0.619558 0.203242 0.002458 0.001632
0 0.603406 0.202309 0.003862 0.002565
0 0.605864 0.199510 0.001756 0.001632
0 0.611306 0.198461 0.001404 0.000933
0 0.750527 0.200093 0.008778 0.004664
0 0.582865 0.198694 0.002809 0.001866
0 0.585147 0.196362 0.001756 0.001866
0 0.599368 0.178405 0.002809 0.001866
