0 0.400632 0.651236 0.007725 0.005364
0 0.798982 0.646455 0.004565 0.002799
0 0.788448 0.647038 0.008076 0.004431
0 0.571805 0.633396 0.008778 0.005597
0 0.544593 0.630714 0.007725 0.004897
0 0.686271 0.622901 0.006671 0.004198
0 0.558813 0.602845 0.005969 0.003731
0 0.334270 0.567631 0.007725 0.005131
0 0.298982 0.558419 0.007374 0.005364
0 0.698034 0.551656 0.007725 0.004897
0 0.758778 0.537896 0.007725 0.004897
0 0.483497 0.535215 0.005618 0.004198
0 0.706812 0.534515 0.005618 0.003265
0 0.252458 0.533699 0.006320 0.004897
0 0.751229 0.532416 0.004565 0.003265
0 0.794768 0.527752 0.002458 0.001399
0 0.657830 0.506880 0.004565 0.003965
0 0.433287 0.481110 0.011236 0.006530
0 0.964361 0.477146 0.008778 0.006063
0 0.613940 0.469450 0.004565 0.003265
0 0.910112 0.468517 0.006320 0.004198
0 0.611657 0.457556 0.007022 0.004198
0 1.121489 0.454058 0.007725 0.005597
0 0.742451 0.445196 0.006671 0.003731
0 0.541433 0.443330 0.004916 0.003265
0 0.392029 0.440648 0.010183 0.007229
0 0.187676 0.439249 0.006671 0.004431
0 0.787921 0.437267 0.008427 0.005131
0 0.557935 0.433302 0.009129 0.005131
0 0.714888 0.433769 0.009831 0.007463
0 0.750878 0.432952 0.008076 0.006763
0 0.178195 0.432020 0.008076 0.004897
0 0.795471 0.430154 0.003862 0.002099
0 0.541784 0.432253 0.011236 0.007229
0 0.574965 0.427122 0.010183 0.007229
0 0.994382 0.426772 0.009831 0.006996
0 0.385534 0.411847 0.004916 0.003731
0 0.722788 0.406367 0.008778 0.005364
0 0.314080 0.397738 0.004565 0.003498
0 0.828125 0.383512 0.010183 0.007229
0 0.653441 0.381413 0.007725 0.004431
0 0.816187 0.372901 0.009480 0.006530
0 0.387289 0.360774 0.006320 0.004198
0 1.234551 0.353661 0.004916 0.003032
0 0.286868 0.350979 0.007022 0.005131
0 0.330407 0.349580 0.005618 0.002799
0 0.159761 0.349114 0.006320 0.004198
0 0.216994 0.348414 0.006320 0.005131
0 1.175562 0.344216 0.003511 0.002332
0 0.816889 0.335471 0.008076 0.004431
0 1.201545 0.333022 0.007725 0.004664
0 0.587254 0.332439 0.006671 0.004431
0 0.309867 0.331507 0.007374 0.004431
0 0.569698 0.318214 0.004565 0.003032
0 0.336552 0.317980 0.005267 0.003498
0 0.165906 0.317631 0.008076 0.005597
0 0.766503 0.316231 0.006320 0.003731
0 0.239993 0.315415 0.006671 0.004897
0 0.613062 0.308535 0.007022 0.004664
0 0.361657 0.304571 0.008427 0.005597
0 0.712254 0.303405 0.007374 0.004664
0 0.772472 0.301656 0.007725 0.005364
0 0.219452 0.298158 0.012640 0.007696
0 0.239817 0.287430 0.006320 0.004897
0 0.332865 0.282066 0.004916 0.003498
0 0.596559 0.274720 0.007725 0.005131
0 0.603230 0.270639 0.004916 0.003498
0 0.279846 0.266791 0.005618 0.003731
0 0.679600 0.260378 0.005969 0.003965
0 1.206636 0.249184 0.008076 0.005364
0 1.238764 0.245336 0.005618 0.003731
0 0.601124 0.244520 0.006320 0.004431
0 1.242451 0.242071 0.004565 0.003265
0 0.502633 0.242188 0.005969 0.003965
0 0.311271 0.234958 0.004565 0.003498
0 0.423631 0.231227 0.006671 0.003965
0 0.428195 0.221898 0.007374 0.004897
0 0.601299 0.218167 0.005969 0.003965
0 0.878862 0.210938 0.006320 0.003965
0 0.638167 0.210471 0.010183 0.005364
0 0.270014 0.210471 0.007725 0.005364
0 0.182409 0.208722 0.010183 0.006530
0 0.665906 0.204408 0.010183 0.006763
0 0.211552 0.202076 0.004565 0.003032
0 0.547928 0.201959 0.006671 0.004198
0 0.420471 0.201609 0.006671 0.004431
0 0.571103 0.198811 0.003862 0.002565
0 0.533181 0.199627 0.007374 0.004198
0 0.548631 0.197062 0.003862 0.002799
0 0.246138 0.192397 0.005618 0.003731
0 0.624122 0.190998 0.005267 0.003731
0 0.615695 0.188899 0.005969 0.003265
0 0.148174 0.189249 0.005618 0.003965
0 0.622191 0.187383 0.003511 0.002565
0 0.435744 0.177938 0.007725 0.004664
0 0.523876 0.174790 0.006320 0.003965
0 0.669417 0.169543 0.006671 0.004198
0 0.560569 0.169193 0.007374 0.005364
0 0.480162 0.157649 0.005267 0.003265
0 0.931355 0.152868 0.008076 0.004897
0 0.840239 0.149254 0.005618 0.003731
0 0.583392 0.147038 0.005267 0.003498
0 0.649930 0.142024 0.004916 0.003731
0 0.631320 0.140275 0.004916 0.003498
0 0.463659 0.137826 0.008778 0.005597
0 1.062500 0.129198 0.007022 0.004664
0 0.617626 0.128382 0.005618 0.003498
0 0.330583 0.119403 0.005267 0.003265
0 0.529319 0.120452 0.010183 0.005830
0 0.747542 0.117537 0.005618 0.003731
0 0.844277 0.113223 0.003862 0.003032
0 0.862886 0.104711 0.005267 0.003265
0 0.600948 0.103661 0.004565 0.003032
0 0.316713 0.091418 0.004916 0.003265
0 0.689782 0.076376 0.003862 0.003032
0 0.873771 0.020406 0.008778 0.005830
0 0.391678 0.008046 0.008076 0.004897
0 0.873069 0.006646 0.005267 0.003498
0 0.861306 0.005014 0.007022 0.003965
