0 0.483848 0.600396 0.004213 0.002565
0 0.472261 0.587104 0.003511 0.002565
0 0.685218 0.583489 0.006671 0.003731
0 0.742802 0.581856 0.003862 0.002799
0 0.938729 0.569846 0.005969 0.003965
0 0.991749 0.566231 0.005267 0.003731
0 0.340239 0.556786 0.006320 0.004897
0 1.171348 0.553405 0.004916 0.003731
0 1.138518 0.540462 0.005267 0.003032
0 0.964537 0.533349 0.005618 0.003731
0 0.984726 0.513293 0.005267 0.003265
0 0.406426 0.507812 0.004565 0.003498
0 0.295997 0.492537 0.004916 0.003265
0 0.295295 0.488340 0.004916 0.002799
0 0.291081 0.478895 0.004213 0.002565
0 0.961025 0.448228 0.004213 0.003265
0 1.035639 0.412780 0.004565 0.003265
0 0.833041 0.398088 0.003862 0.002799
0 1.172577 0.372668 0.005267 0.003731
0 0.942240 0.367771 0.006671 0.004198
0 1.076194 0.350630 0.007022 0.003498
0 1.046348 0.330340 0.006320 0.004431
0 0.144487 0.320546 0.003160 0.002565
0 0.967521 0.317164 0.004565 0.003265
0 1.121138 0.265858 0.005618 0.004198
0 0.730864 0.245219 0.005267 0.003032
0 0.913448 0.234608 0.005969 0.003265
0 0.996313 0.227962 0.004565 0.002565
0 0.919944 0.221898 0.004213 0.003032
0 0.628862 0.175023 0.006320 0.003498
0 0.612711 0.090951 0.005618 0.003265
0 0.754213 0.081507 0.009129 0.004897
0 0.382900 0.066698 0.004565 0.002799
0 0.845857 0.032999 0.004916 0.003032
0 0.652388 0.020289 0.007022 0.004198
