0 0.402739 0.630014 0.009129 0.004431
0 0.515801 0.626049 0.007022 0.005364
0 1.069698 0.585471 0.005969 0.003965
0 0.535990 0.567980 0.008778 0.006763
0 0.308462 0.558535 0.008778 0.006530
0 0.450667 0.553871 0.007374 0.005597
0 0.274403 0.541628 0.004565 0.003498
0 0.561447 0.513410 0.004916 0.003032
0 0.399052 0.511660 0.005969 0.004198
0 0.387114 0.509562 0.005267 0.004198
0 0.571629 0.510145 0.009831 0.006297
0 0.667486 0.499067 0.008427 0.005597
0 0.904670 0.494286 0.005969 0.003965
0 0.549508 0.473531 0.009129 0.006297
0 0.444171 0.449977 0.005618 0.003498
0 0.656426 0.446595 0.008778 0.006063
0 0.407830 0.445546 0.007374 0.004897
0 0.330232 0.443913 0.009480 0.006763
0 0.442416 0.438783 0.007725 0.003032
0 0.438378 0.429104 0.006671 0.005131
0 0.406250 0.426539 0.004213 0.002799
0 0.344979 0.410914 0.011587 0.007463
0 0.294768 0.395173 0.003862 0.002565
0 0.443118 0.373601 0.007725 0.005131
0 0.164326 0.372201 0.004916 0.003731
0 0.325316 0.340019 0.005969 0.003265
0 0.240695 0.308535 0.006671 0.003731
0 0.547051 0.306320 0.004213 0.003032
0 0.655372 0.306903 0.006671 0.005131
0 0.625878 0.292327 0.005267 0.003965
0 0.405021 0.279618 0.005267 0.003731
0 0.417662 0.264925 0.007374 0.004664
0 0.504565 0.250816 0.006320 0.003965
0 0.346208 0.245919 0.004213 0.003498
0 0.504565 0.234725 0.006320 0.003965
0 0.725421 0.125583 0.004213 0.003498
0 0.739817 0.123834 0.004213 0.002799
0 0.739993 0.118470 0.008076 0.004664
0 1.133778 0.096782 0.006320 0.003731
0 1.113764 0.092001 0.006320 0.004897
0 1.130442 0.089319 0.004565 0.003731
0 0.794417 0.088386 0.004565 0.003731
0 0.821454 0.086404 0.005267 0.003965
0 0.654494 0.084771 0.004213 0.003032
0 0.835499 0.084305 0.006671 0.004431
0 0.446805 0.050956 0.008778 0.006297
