0 0.980513 0.629198 0.003862 0.003265
0 0.991046 0.625933 0.006671 0.004198
0 0.985779 0.622085 0.005969 0.003498
0 0.991749 0.620802 0.005969 0.003731
0 1.117978 0.588969 0.004213 0.003032
0 0.756145 0.586287 0.003862 0.002799
0 1.002809 0.565648 0.004916 0.003032
0 0.677493 0.559701 0.005267 0.004198
0 1.144487 0.542211 0.005267 0.003265
0 0.706110 0.508162 0.007725 0.005597
0 0.397823 0.499767 0.004916 0.003731
0 1.108848 0.499067 0.004213 0.002799
0 0.312149 0.492421 0.008427 0.005364
0 0.826194 0.489156 0.005618 0.003965
0 1.081987 0.484258 0.003160 0.002099
0 0.741046 0.482976 0.008076 0.005597
0 1.080758 0.480993 0.002809 0.002099
0 1.091292 0.476329 0.003511 0.003032
0 1.089361 0.470266 0.005267 0.003032
0 0.326194 0.470149 0.007022 0.004664
0 0.342521 0.465835 0.005969 0.003965
0 1.116222 0.455807 0.006320 0.003965
0 0.951545 0.439599 0.002107 0.001399
0 0.925386 0.423158 0.004565 0.003498
0 0.975597 0.414296 0.004565 0.003965
0 1.076369 0.413013 0.006671 0.004198
0 1.129389 0.409282 0.005267 0.003731
0 1.011412 0.408699 0.005969 0.004431
0 0.955758 0.404967 0.007022 0.004431
0 0.941362 0.389809 0.005618 0.004431
0 1.118153 0.388759 0.004565 0.003265
0 1.132725 0.386777 0.004916 0.003965
0 1.166257 0.358209 0.003862 0.002332
0 0.760534 0.357743 0.004916 0.003265
0 1.234551 0.357043 0.004916 0.003265
0 0.893610 0.356693 0.004213 0.003032
0 0.897823 0.353545 0.003511 0.002799
0 1.166784 0.351329 0.004916 0.003032
0 1.104459 0.351796 0.006671 0.005364
0 1.078476 0.345965 0.003862 0.002565
0 1.015801 0.345266 0.005618 0.004431
0 1.097963 0.340485 0.006320 0.004664
0 1.021770 0.339902 0.006320 0.004431
0 1.088659 0.338969 0.005267 0.004431
0 1.082514 0.337220 0.004213 0.003265
0 1.028441 0.335354 0.004213 0.003265
0 0.990169 0.331390 0.007725 0.005597
0 1.057584 0.328125 0.005618 0.003731
0 1.045119 0.328358 0.005969 0.004198
0 1.022296 0.327076 0.008076 0.005364
0 1.072331 0.325443 0.006320 0.004897
0 0.967346 0.325326 0.008427 0.006063
0 1.165204 0.322178 0.005969 0.003498
0 0.954178 0.320196 0.008076 0.005131
0 1.038448 0.316348 0.006671 0.004431
0 1.077774 0.314482 0.003862 0.002565
0 1.002458 0.313666 0.005618 0.003731
0 1.048279 0.310518 0.005969 0.004431
0 0.948560 0.310518 0.006671 0.005830
0 0.992802 0.307719 0.005267 0.003032
0 0.958216 0.307486 0.004916 0.003032
0 1.011060 0.302822 0.005267 0.003032
0 1.232268 0.302822 0.005267 0.003965
0 0.927669 0.302472 0.006320 0.004664
0 1.060744 0.302239 0.009129 0.005597
0 0.981742 0.301073 0.004213 0.003265
0 1.000000 0.299324 0.004213 0.002565
0 0.976826 0.299440 0.004916 0.003265
0 1.077072 0.293960 0.007374 0.004431
0 1.041081 0.290462 0.009129 0.005364
0 1.063202 0.283465 0.007022 0.004431
0 1.056004 0.279618 0.006671 0.003731
0 1.080758 0.278335 0.005618 0.003965
0 1.061798 0.276936 0.004916 0.003032
0 1.056180 0.274720 0.004916 0.003265
0 1.097261 0.270989 0.005618 0.003731
0 1.037921 0.270989 0.007725 0.004664
0 1.013167 0.256763 0.003862 0.002799
0 1.042486 0.254431 0.003511 0.002332
0 0.905021 0.250466 0.005969 0.003731
0 1.082865 0.244403 0.005618 0.003265
0 1.017205 0.233792 0.005618 0.003498
0 0.237711 0.232509 0.004916 0.003731
0 1.055653 0.223881 0.004565 0.002799
0 0.159410 0.222948 0.007725 0.004664
0 0.982971 0.195079 0.003160 0.002099
0 0.995787 0.177938 0.004213 0.003265
0 0.937149 0.165578 0.003511 0.001866
0 0.958392 0.164296 0.005267 0.003032
0 0.982795 0.163246 0.003511 0.002332
0 0.919593 0.161730 0.003511 0.002565
0 0.616924 0.150420 0.006320 0.004198
0 0.951194 0.148321 0.004213 0.002332
0 0.940660 0.134212 0.006320 0.003498
0 0.342346 0.133046 0.004916 0.003498
0 0.947507 0.129781 0.002458 0.001632
0 0.939782 0.128731 0.008076 0.004664
0 0.628336 0.128148 0.008076 0.005830
0 0.640098 0.125583 0.011938 0.008629
0 0.649930 0.118587 0.006320 0.003498
0 0.339361 0.115089 0.007374 0.004897
0 1.087430 0.102845 0.005618 0.003731
0 1.065485 0.101796 0.003862 0.002099
0 1.095330 0.099114 0.006671 0.003731
0 0.652212 0.098764 0.005267 0.003032
0 0.575667 0.093167 0.006671 0.003032
0 0.331987 0.084188 0.005267 0.003731
0 0.327247 0.081040 0.006320 0.003965
0 0.288799 0.067631 0.005969 0.003731
0 0.432584 0.063433 0.004213 0.002332
0 0.352704 0.059235 0.003862 0.002799
0 0.372015 0.057020 0.003160 0.002099
0 0.420646 0.052355 0.007022 0.004431
0 0.899930 0.042327 0.004213 0.003032
0 0.900632 0.026236 0.005618 0.003965
0 1.010007 0.024953 0.004565 0.003265
0 0.347612 0.018657 0.005618 0.003731
0 0.985428 0.005480 0.008076 0.005364
