0 0.445751 0.624767 0.006671 0.005131
0 0.465590 0.484608 0.006320 0.004664
0 0.646945 0.403451 0.005267 0.003731
0 0.201721 0.380830 0.002458 0.002332
0 0.640976 0.348531 0.005969 0.004431
0 0.675211 0.338386 0.004213 0.003731
0 0.777037 0.312150 0.005618 0.003965
0 0.783532 0.309701 0.005267 0.003731
0 0.146067 0.267141 0.006320 0.004897
0 0.894838 0.221665 0.008076 0.005830
0 0.883954 0.220965 0.008076 0.005830
0 0.305478 0.163130 0.005618 0.004431
0 0.553722 0.157299 0.009831 0.005830
0 0.998420 0.144356 0.005969 0.004664
0 0.873420 0.097948 0.007374 0.005131
0 0.522472 0.095149 0.007725 0.004664
0 0.749473 0.077659 0.003862 0.002332
0 1.057584 0.074860 0.004916 0.003265
0 0.502809 0.069496 0.006320 0.004198
0 0.332690 0.064249 0.003862 0.003032
0 0.775281 0.065415 0.008427 0.006763
0 0.741749 0.058419 0.005267 0.003498
0 0.810920 0.055737 0.007374 0.004198
0 0.786341 0.051772 0.005267 0.003731
0 0.398701 0.046292 0.005267 0.003965
0 0.800035 0.042444 0.007374 0.005131
0 0.679424 0.040928 0.009831 0.005364
0 0.846032 0.005947 0.005267 0.003498
