0 0.357795 0.625466 0.004213 0.002799
0 0.368855 0.625233 0.003862 0.002799
0 0.308287 0.500816 0.003511 0.002565
0 0.298982 0.495103 0.009480 0.005131
0 0.212956 0.468050 0.003862 0.003265
0 0.292662 0.403685 0.004565 0.003731
0 0.201896 0.403451 0.005618 0.004198
0 0.363062 0.342584 0.009831 0.006063
0 0.243680 0.339785 0.005618 0.005131
0 0.262289 0.314016 0.009129 0.005364
0 0.294593 0.312617 0.007022 0.004431
0 0.272647 0.311800 0.007374 0.004664
0 0.341819 0.304104 0.005969 0.003731
0 0.387465 0.299907 0.009480 0.004198
0 0.433287 0.284282 0.005618 0.003265
0 0.447331 0.266091 0.005618 0.004664
0 0.140098 0.234725 0.007022 0.003965
0 0.207865 0.228895 0.009129 0.003965
0 0.507022 0.206623 0.003511 0.002332
0 0.271419 0.194263 0.003511 0.002332
0 0.508778 0.193680 0.003511 0.002565
0 0.491924 0.187383 0.006320 0.004897
0 0.502809 0.182020 0.002809 0.002099
0 0.279494 0.167910 0.005618 0.003731
0 1.156601 0.156833 0.014045 0.010494
0 0.821629 0.135611 0.004213 0.003498
0 0.347437 0.119636 0.007374 0.004198
0 0.337079 0.112523 0.005618 0.003032
0 0.310042 0.114039 0.011236 0.006530
0 0.828125 0.112873 0.006671 0.004664
0 0.599719 0.108675 0.002809 0.001866
0 1.159235 0.087570 0.006671 0.004431
0 0.590063 0.028685 0.008076 0.005131
0 0.732444 0.016208 0.004213 0.002565
0 0.731390 0.012127 0.004916 0.002332
