0 1.016854 0.652285 0.004916 0.003265
0 0.776159 0.628032 0.005969 0.003731
0 0.800211 0.621852 0.008427 0.004897
0 0.964010 0.614039 0.007374 0.005131
0 0.808989 0.609375 0.007725 0.005131
0 0.748069 0.607276 0.010885 0.006996
0 0.844979 0.598764 0.005267 0.003965
0 0.977879 0.594216 0.004916 0.003731
0 0.885709 0.591185 0.005969 0.004198
0 0.698560 0.550723 0.007374 0.004897
0 0.683638 0.543493 0.004213 0.003032
0 0.703125 0.539879 0.003862 0.002799
0 0.294593 0.537780 0.004916 0.003265
0 0.700140 0.534632 0.004916 0.003032
0 0.655021 0.519706 0.011587 0.009095
0 1.028792 0.511077 0.006320 0.004431
0 0.425562 0.508046 0.008427 0.004897
0 0.672577 0.487407 0.008076 0.005131
0 0.316011 0.486707 0.005618 0.004198
0 0.621489 0.486940 0.008427 0.005597
0 0.317591 0.482626 0.005969 0.003965
0 1.132022 0.480410 0.004213 0.002799
0 0.639221 0.481460 0.009480 0.005830
0 1.197858 0.479128 0.005969 0.004431
0 0.869206 0.478078 0.005969 0.003731
0 1.155723 0.475163 0.003862 0.003032
0 0.748069 0.472132 0.006671 0.003965
0 0.587956 0.470033 0.006671 0.006763
0 0.581285 0.466884 0.007374 0.005597
0 1.143083 0.458839 0.008076 0.004897
0 0.535112 0.456740 0.001404 0.001166
0 0.974017 0.456740 0.007725 0.005364
0 1.105513 0.444963 0.004565 0.002799
0 1.066713 0.436917 0.007725 0.005830
0 1.103933 0.435168 0.004916 0.003265
0 0.735604 0.430387 0.009129 0.004431
0 1.152212 0.425840 0.005267 0.003265
0 0.608146 0.421059 0.003511 0.002565
0 1.085499 0.420009 0.005267 0.003265
0 1.178722 0.408232 0.005618 0.003965
0 1.130969 0.406017 0.009831 0.006063
0 1.240871 0.403218 0.006320 0.004664
0 1.162921 0.400420 0.006320 0.004664
0 0.599895 0.397971 0.003862 0.002565
0 0.928371 0.393890 0.004916 0.003265
0 1.217697 0.390742 0.007725 0.005830
0 1.162570 0.387127 0.007022 0.004198
0 0.904670 0.382229 0.005969 0.003731
0 1.147121 0.371968 0.008427 0.006530
0 1.103230 0.363456 0.004213 0.003032
0 1.098490 0.362407 0.003862 0.002799
0 0.116222 0.361474 0.007725 0.005131
0 1.137992 0.360075 0.005618 0.004664
0 1.095857 0.357626 0.004916 0.003032
0 0.636587 0.356810 0.004213 0.002799
0 0.584796 0.353778 0.005267 0.003265
0 0.752633 0.342351 0.003862 0.002332
0 0.629916 0.335121 0.003511 0.002332
0 1.205583 0.333605 0.008778 0.005830
0 0.608497 0.329757 0.004916 0.003265
0 0.914326 0.326842 0.008427 0.005364
0 1.242978 0.312150 0.005618 0.003965
0 0.770716 0.311567 0.009831 0.005597
0 1.256671 0.304688 0.005618 0.003498
0 0.815133 0.305504 0.008076 0.005597
0 0.768961 0.302822 0.009129 0.004897
0 1.064607 0.301539 0.005618 0.002799
0 1.222261 0.301306 0.006320 0.004198
0 0.754389 0.300490 0.003862 0.002565
0 0.980513 0.303521 0.015098 0.009562
0 1.193294 0.300373 0.008076 0.005597
0 0.763167 0.296642 0.005267 0.003731
0 0.729459 0.295009 0.005267 0.003731
0 0.802669 0.291861 0.003511 0.002099
0 0.642205 0.282766 0.005618 0.003498
0 0.976650 0.277635 0.007374 0.004431
0 0.869733 0.274021 0.004916 0.003265
0 0.508954 0.270756 0.005267 0.003265
0 0.990520 0.269123 0.008427 0.005597
0 0.696103 0.267491 0.005969 0.003731
0 0.775808 0.265975 0.007374 0.004897
0 1.069522 0.264342 0.007022 0.004431
0 0.695049 0.263293 0.006671 0.004198
0 0.684867 0.262243 0.004565 0.003032
0 1.241397 0.260611 0.005969 0.004431
0 1.281426 0.259562 0.005267 0.003731
0 0.685218 0.256530 0.003862 0.002332
0 0.968926 0.253265 0.003160 0.002332
0 1.225246 0.251982 0.005969 0.004897
0 1.279143 0.248134 0.006320 0.004198
0 0.854459 0.246269 0.010183 0.005597
0 0.600772 0.243237 0.007022 0.004664
0 0.588483 0.241954 0.005618 0.003965
0 1.010885 0.238923 0.004916 0.003498
0 0.842872 0.235774 0.008076 0.002332
0 0.694698 0.235774 0.003862 0.002799
0 0.606215 0.236940 0.006671 0.005131
0 1.070927 0.232160 0.005618 0.003498
0 1.239466 0.231810 0.006320 0.003731
0 0.893083 0.225280 0.004565 0.002799
0 0.798631 0.220033 0.006671 0.004897
0 0.923279 0.204641 0.008076 0.004897
0 0.235779 0.200443 0.007374 0.004897
0 0.773876 0.198927 0.004213 0.003265
0 0.780899 0.198811 0.004916 0.003498
0 1.137114 0.198927 0.005969 0.004198
0 0.936271 0.196362 0.004565 0.003265
0 1.006847 0.194496 0.008778 0.006063
0 0.987360 0.186217 0.005618 0.003498
0 0.618680 0.182253 0.004213 0.003032
0 1.067416 0.169076 0.007022 0.004198
0 0.944522 0.167561 0.006320 0.003965
0 1.156601 0.164062 0.006320 0.003498
0 0.772296 0.163130 0.008076 0.005364
0 0.789501 0.162430 0.006671 0.004431
0 0.706812 0.153568 0.005618 0.003498
0 1.121138 0.137360 0.011236 0.006996
0 1.001404 0.133162 0.004213 0.002799
0 0.715941 0.134095 0.007725 0.004664
0 1.191889 0.129781 0.003160 0.002565
0 0.717170 0.127565 0.006671 0.004198
0 0.698736 0.123484 0.005618 0.003498
0 0.731039 0.110541 0.009831 0.005597
0 0.910112 0.100630 0.007022 0.004897
0 0.602879 0.098881 0.005618 0.004198
0 1.106215 0.054104 0.005969 0.004198
