0 0.586552 0.650070 0.009480 0.006297
0 0.371840 0.588386 0.006320 0.004198
0 0.308287 0.586987 0.008427 0.005131
0 0.373244 0.581507 0.006320 0.003498
0 0.240871 0.560518 0.004916 0.003032
0 0.239642 0.555854 0.008076 0.004431
0 0.395014 0.551306 0.003511 0.002332
0 0.407128 0.551189 0.008076 0.005830
0 0.322683 0.535331 0.004916 0.003965
0 0.478581 0.533582 0.011236 0.006530
0 0.366222 0.530201 0.003511 0.002565
0 0.894663 0.514925 0.004213 0.002799
0 0.780548 0.516091 0.008427 0.005597
0 0.245611 0.508629 0.003160 0.002799
0 0.529319 0.491488 0.003862 0.002565
0 0.256145 0.487407 0.005267 0.003265
0 0.263694 0.485774 0.002809 0.002332
0 0.262289 0.469100 0.002809 0.002099
0 0.553371 0.468517 0.007022 0.006530
0 0.432760 0.461521 0.003160 0.001866
0 0.731215 0.458839 0.007374 0.004897
0 0.744558 0.456856 0.006671 0.004198
0 0.496489 0.383279 0.009831 0.006297
0 0.300211 0.368937 0.008427 0.005597
0 0.617802 0.340019 0.010183 0.006996
0 0.771419 0.329874 0.007725 0.005364
0 0.691538 0.314016 0.006671 0.004431
0 0.593223 0.306087 0.005267 0.003498
0 1.156777 0.249650 0.004565 0.003032
0 0.527914 0.231926 0.008076 0.005364
0 1.190660 0.191231 0.005618 0.003731
0 0.340239 0.188433 0.009129 0.006063
0 0.299684 0.184118 0.006671 0.004431
0 0.308813 0.180620 0.005267 0.003498
0 0.575843 0.167794 0.005618 0.003965
0 0.288448 0.151003 0.003862 0.002565
0 0.303195 0.137360 0.003862 0.002799
0 0.523525 0.125700 0.004213 0.003265
0 0.492626 0.116255 0.009129 0.006763
0 0.388518 0.112174 0.006671 0.004664
0 0.684164 0.079291 0.003862 0.002332
0 1.081987 0.070079 0.006671 0.004431
0 0.486306 0.036847 0.004213 0.003265
0 0.715414 0.034282 0.005267 0.003265
