0 0.708743 0.613223 0.004565 0.003032
0 0.757022 0.596549 0.004213 0.002799
0 0.782479 0.594450 0.003862 0.002332
0 0.770365 0.586754 0.008427 0.005597
0 0.848841 0.572062 0.005969 0.003731
0 0.415379 0.541744 0.006320 0.004198
0 0.955407 0.513759 0.007022 0.005131
0 1.116397 0.494753 0.008778 0.006297
0 0.616046 0.470965 0.005267 0.003032
0 1.035990 0.443214 0.004565 0.002565
0 0.915730 0.428988 0.005618 0.003965
0 0.300737 0.418727 0.003862 0.002565
0 1.032654 0.395522 0.003511 0.002332
0 0.656250 0.395406 0.007725 0.004897
0 1.102353 0.365788 0.006671 0.004431
0 0.963483 0.360774 0.006320 0.004198
0 1.241222 0.333022 0.007725 0.005131
0 1.180653 0.332906 0.006671 0.004897
0 0.114291 0.327892 0.009480 0.006996
0 0.377809 0.323461 0.005618 0.003265
0 1.218399 0.318797 0.009129 0.006530
0 1.229986 0.312617 0.008427 0.005830
0 1.091994 0.305504 0.004213 0.002799
0 0.980162 0.306553 0.007374 0.004897
0 1.126931 0.294893 0.005267 0.003498
0 1.107444 0.290812 0.004213 0.002799
0 1.019136 0.291395 0.012289 0.009095
0 1.166257 0.276586 0.003862 0.002332
0 1.075316 0.275187 0.003862 0.002799
0 1.099017 0.272738 0.004916 0.002565
0 1.060744 0.266325 0.009129 0.005597
0 1.130091 0.263759 0.004565 0.002799
0 1.015976 0.250117 0.006671 0.003965
0 0.898174 0.239389 0.006320 0.003032
0 1.012816 0.235658 0.006671 0.003965
0 1.021770 0.233909 0.007725 0.005131
0 0.918890 0.224580 0.004213 0.002332
0 0.580056 0.221199 0.009831 0.006297
0 1.079881 0.217584 0.008076 0.005131
0 0.476299 0.215718 0.003862 0.003265
0 1.041608 0.211987 0.008778 0.005597
0 0.927844 0.211054 0.005969 0.004198
0 1.020541 0.204524 0.010183 0.006063
0 0.534410 0.204874 0.010534 0.007229
0 0.332865 0.190065 0.006320 0.004664
0 0.537044 0.185751 0.006671 0.003965
0 1.069171 0.184352 0.010534 0.006297
0 1.107795 0.181087 0.004916 0.003498
0 1.113764 0.179338 0.004213 0.002799
0 1.073912 0.177705 0.004565 0.002799
0 1.107444 0.176306 0.004213 0.002799
0 0.550913 0.175840 0.004916 0.003265
0 0.535990 0.174790 0.005267 0.003498
0 0.527212 0.172458 0.005267 0.003498
0 0.545471 0.154967 0.007374 0.004897
0 0.511587 0.151702 0.006320 0.003965
0 0.917837 0.149487 0.004916 0.003265
0 0.925386 0.147038 0.003862 0.003032
0 0.534586 0.146339 0.005969 0.003965
0 0.931706 0.144823 0.003862 0.002799
0 1.030197 0.137593 0.004916 0.003265
0 0.983146 0.138410 0.008427 0.005364
0 0.966117 0.135494 0.003862 0.002799
0 0.843574 0.132346 0.008778 0.005830
0 0.970330 0.121152 0.010885 0.006297
0 1.010183 0.118470 0.003511 0.002332
0 0.983146 0.110308 0.008427 0.004664
0 1.095330 0.105644 0.008778 0.006063
0 1.032128 0.100746 0.003160 0.001866
0 1.048455 0.096782 0.004916 0.002799
0 1.071805 0.094683 0.005267 0.003265
0 0.863237 0.083256 0.004565 0.003265
0 1.043715 0.081273 0.003862 0.002565
0 0.984024 0.076259 0.005969 0.004198
0 0.864291 0.072878 0.005969 0.003965
0 0.908883 0.070079 0.003160 0.002099
0 0.903265 0.065532 0.005267 0.003265
0 0.768961 0.047225 0.005618 0.003032
0 1.011060 0.037780 0.006671 0.005131
0 0.603406 0.036847 0.005969 0.004198
0 0.802669 0.035914 0.004916 0.003731
