0 0.699789 0.623951 0.007725 0.004897
0 0.724895 0.623484 0.007374 0.004897
0 0.677317 0.610308 0.005618 0.002799
0 0.763869 0.581856 0.005267 0.003265
0 0.313904 0.580224 0.009831 0.006530
0 0.247718 0.569846 0.009480 0.006763
0 0.823209 0.566231 0.004565 0.003265
0 0.816187 0.562267 0.004565 0.003731
0 0.857619 0.561684 0.004565 0.003032
0 0.850772 0.559352 0.006320 0.003032
0 0.321629 0.550023 0.004916 0.003965
0 0.312851 0.545126 0.004213 0.003032
0 0.302317 0.542794 0.004916 0.003965
0 0.841292 0.513993 0.004916 0.003731
0 0.200492 0.496269 0.004916 0.003731
0 0.319171 0.462453 0.008427 0.007463
0 0.169944 0.419776 0.004213 0.003265
0 0.926966 0.392724 0.003511 0.001866
0 0.596208 0.381413 0.006320 0.004897
0 0.296875 0.360658 0.005267 0.003032
0 0.966117 0.348764 0.010885 0.004897
0 0.292135 0.348298 0.006320 0.004431
0 0.351124 0.340718 0.009129 0.005131
0 0.335674 0.338036 0.007022 0.004431
0 0.184867 0.333955 0.006671 0.004664
0 0.357619 0.333372 0.007374 0.005364
0 0.721032 0.226329 0.007374 0.004431
0 0.277739 0.218867 0.004916 0.003498
0 0.671875 0.205924 0.010885 0.007929
0 0.605162 0.203242 0.008778 0.005830
0 0.684691 0.185868 0.004916 0.003731
0 0.636938 0.181670 0.007022 0.004198
0 0.603757 0.170709 0.007374 0.004664
0 0.449789 0.169076 0.002809 0.001866
0 0.179424 0.157882 0.007725 0.005131
0 0.819522 0.151003 0.004916 0.004431
0 0.306706 0.128032 0.005969 0.004198
0 0.553020 0.121269 0.004213 0.002799
0 0.504389 0.110541 0.007374 0.005131
0 0.871489 0.105410 0.009831 0.004664
0 0.477001 0.103195 0.004565 0.003032
0 0.875176 0.048624 0.007374 0.004431
0 0.832338 0.016441 0.005969 0.004431
