0 0.517381 0.619286 0.008076 0.006297
0 0.880969 0.598064 0.005618 0.003965
0 1.128862 0.559701 0.003511 0.002799
0 1.113237 0.545826 0.004565 0.003498
0 0.425913 0.496618 0.004916 0.003498
0 0.838308 0.481926 0.010885 0.007229
0 0.828301 0.476446 0.007022 0.004664
0 1.109902 0.469216 0.006320 0.005131
0 0.624298 0.467118 0.004213 0.003265
0 0.648350 0.444380 0.007374 0.005364
0 1.092346 0.435401 0.007725 0.005597
0 0.333919 0.404268 0.007022 0.005364
0 0.536341 0.399254 0.007374 0.006063
0 0.710323 0.381996 0.005618 0.004198
0 0.742275 0.362523 0.004916 0.003498
0 0.462781 0.349230 0.009129 0.006763
0 0.795822 0.345266 0.006671 0.003965
0 0.583392 0.325326 0.008778 0.006063
0 0.490520 0.279734 0.008427 0.005364
0 0.464537 0.267024 0.007022 0.004664
0 0.839185 0.262943 0.007022 0.004431
0 0.248947 0.257812 0.006320 0.003965
0 0.702072 0.258162 0.008778 0.005597
0 0.653265 0.178521 0.005969 0.003965
0 0.665204 0.168377 0.005969 0.004198
0 0.749824 0.058769 0.006671 0.004198
0 0.363940 0.055154 0.008076 0.005830
0 0.888167 0.036497 0.009480 0.006297
0 0.574438 0.025303 0.006320 0.003965
