0 0.927317 0.587104 0.007725 0.005364
0 0.880794 0.515508 0.004565 0.002565
0 0.811798 0.513526 0.006320 0.003731
0 0.619382 0.506530 0.003511 0.002799
0 0.773174 0.497551 0.004213 0.003498
0 1.018083 0.461171 0.003862 0.002565
0 1.170822 0.461287 0.007374 0.005131
0 0.965239 0.451842 0.002809 0.002099
0 1.002985 0.428521 0.003862 0.003032
0 0.736482 0.408116 0.004565 0.003731
0 0.549333 0.346432 0.005267 0.003965
0 0.854986 0.335938 0.004916 0.003965
0 0.565133 0.334538 0.005969 0.003965
0 0.580056 0.334188 0.004916 0.003731
0 1.171173 0.321828 0.005969 0.003265
0 0.857795 0.298041 0.009129 0.007463
0 1.017556 0.293727 0.004916 0.003032
0 0.928195 0.276819 0.003862 0.002799
0 1.114817 0.270522 0.004916 0.003265
0 0.971559 0.227262 0.004916 0.003498
0 0.863062 0.190648 0.006320 0.004431
0 0.903441 0.171175 0.005618 0.004198
0 0.907128 0.161497 0.004565 0.003032
