0 0.816538 0.516791 0.004565 0.003265
0 0.768083 0.446012 0.006671 0.004431
0 0.952774 0.437383 0.010885 0.006763
0 0.382900 0.417794 0.006671 0.004431
0 0.557409 0.416861 0.003862 0.003032
0 0.430302 0.416278 0.004565 0.002799
0 0.888694 0.414879 0.008427 0.006530
0 0.396419 0.408582 0.007022 0.003731
0 0.852177 0.405784 0.007022 0.003731
0 0.880969 0.404035 0.009129 0.005364
0 0.520190 0.398088 0.003862 0.002799
0 0.665555 0.397505 0.008076 0.004897
0 0.865695 0.392607 0.007374 0.004431
0 0.943118 0.349347 0.009129 0.006063
0 0.884480 0.333839 0.006320 0.003965
0 0.919066 0.326726 0.005969 0.004198
0 0.925562 0.318097 0.004916 0.003731
0 0.215414 0.315065 0.008778 0.006530
0 0.997893 0.282533 0.003511 0.002565
0 0.907479 0.283465 0.007374 0.005830
0 0.989642 0.277752 0.004565 0.003265
0 0.992978 0.272738 0.005618 0.003498
0 1.020190 0.227962 0.010885 0.007696
0 0.738764 0.221898 0.004213 0.004431
0 0.319874 0.201026 0.006320 0.004198
0 0.846910 0.196479 0.009831 0.005364
0 0.833567 0.191231 0.004916 0.003265
0 0.951018 0.188783 0.003160 0.003498
0 0.189431 0.161847 0.005267 0.003265
0 0.269487 0.161381 0.015801 0.010728
0 0.852001 0.157649 0.005969 0.004198
0 0.806004 0.153335 0.005267 0.003498
0 0.837956 0.134212 0.011587 0.007229
0 0.443118 0.123368 0.005618 0.004198
0 0.473315 0.114272 0.004916 0.003265
0 0.532479 0.097015 0.008076 0.004198
0 0.510183 0.080807 0.005618 0.003498
0 0.813553 0.068330 0.004213 0.003265
0 0.820927 0.063899 0.004213 0.003265
0 0.853933 0.058302 0.004916 0.002799
0 0.513343 0.022971 0.003511 0.002099
0 0.530197 0.024487 0.009129 0.005597
