0 0.769838 0.605061 0.010885 0.007229
0 0.773174 0.587337 0.007725 0.005830
0 0.700316 0.581390 0.010885 0.007463
0 0.757198 0.571595 0.010183 0.006530
0 0.934867 0.534398 0.005267 0.003498
0 0.667837 0.509212 0.008427 0.005364
0 0.806882 0.500350 0.006320 0.003965
0 1.109375 0.483209 0.008778 0.006063
0 0.976475 0.482743 0.009129 0.005597
0 1.077598 0.479244 0.009129 0.005597
0 0.749122 0.477612 0.005969 0.004198
0 1.089537 0.463153 0.008427 0.005131
0 0.959270 0.456623 0.011236 0.006530
0 1.124298 0.450676 0.003511 0.002099
0 0.222086 0.451842 0.006671 0.004897
0 0.674333 0.448111 0.007374 0.005364
0 1.198034 0.439132 0.008427 0.005131
0 0.745962 0.437500 0.005969 0.003731
0 0.962781 0.436684 0.009831 0.006763
0 1.004038 0.371735 0.009480 0.007463
0 0.462254 0.349930 0.007374 0.005364
0 0.148876 0.319496 0.011236 0.007929
0 0.772472 0.316348 0.007725 0.004897
0 0.249298 0.308069 0.005618 0.003731
0 0.201369 0.303638 0.003862 0.002799
0 0.780021 0.296758 0.006671 0.004897
0 1.036692 0.294193 0.005969 0.003965
0 1.012992 0.288713 0.004916 0.002799
0 1.059691 0.281133 0.009831 0.005830
0 0.613764 0.276119 0.006320 0.004198
0 0.641503 0.267257 0.004213 0.002799
0 1.004038 0.259328 0.008778 0.004664
0 0.223841 0.255830 0.008076 0.005131
0 1.009305 0.237407 0.005969 0.003265
0 0.666081 0.232509 0.005618 0.003265
0 0.866397 0.229711 0.007374 0.004664
0 1.148876 0.226562 0.004213 0.003498
0 0.650456 0.221782 0.006671 0.004198
0 0.730513 0.213853 0.005969 0.004664
0 0.765976 0.209655 0.014396 0.008862
0 0.587430 0.198811 0.006320 0.004431
0 0.854459 0.198461 0.007374 0.004664
0 0.627809 0.197295 0.005618 0.004198
0 0.850070 0.179104 0.005618 0.003731
0 0.836903 0.167094 0.003160 0.002099
0 0.860779 0.162780 0.008778 0.005131
0 0.729108 0.131996 0.005267 0.003731
0 0.880267 0.122435 0.006320 0.004198
0 0.659586 0.120103 0.008778 0.005131
0 0.339361 0.108792 0.003862 0.003032
0 0.266854 0.106460 0.004916 0.003032
0 0.880794 0.103895 0.003862 0.002565
0 0.608497 0.103778 0.004213 0.002799
0 0.613588 0.101446 0.003160 0.001866
0 0.459796 0.100280 0.008076 0.004664
0 0.869382 0.098181 0.003511 0.002332
0 0.295997 0.097831 0.004916 0.003032
0 0.865520 0.096082 0.002809 0.002332
0 0.851299 0.096665 0.005969 0.003965
0 0.247191 0.092817 0.007022 0.004198
0 0.793539 0.083839 0.006320 0.003965
0 0.897472 0.076842 0.004213 0.002565
0 0.540379 0.073461 0.004916 0.003265
0 0.692942 0.073811 0.007374 0.005364
0 0.672402 0.071712 0.008427 0.006297
0 0.470154 0.044310 0.011236 0.008396
0 0.456110 0.015858 0.005618 0.004664
