0 0.838483 0.562150 0.010534 0.006763
0 0.750176 0.549207 0.008778 0.006063
0 0.866222 0.495103 0.004213 0.002799
0 0.860955 0.488340 0.005618 0.003731
0 0.841819 0.450560 0.006671 0.004198
0 0.866222 0.444963 0.003511 0.002332
0 0.925737 0.382579 0.004565 0.003032
0 0.930126 0.374767 0.006320 0.003265
0 0.202423 0.373018 0.010885 0.006763
0 0.283181 0.372085 0.007374 0.005364
0 0.273525 0.358442 0.005618 0.003265
0 0.340239 0.350280 0.010534 0.007463
0 0.861657 0.346082 0.004213 0.002332
0 0.302493 0.345965 0.006671 0.004897
0 0.860779 0.342001 0.003862 0.002565
0 0.837605 0.336521 0.005267 0.003731
0 0.861131 0.334422 0.008076 0.005131
0 0.857619 0.330457 0.003862 0.002799
0 1.037044 0.136427 0.007374 0.004664
0 1.058462 0.129548 0.008076 0.004897
0 0.901685 0.112990 0.008427 0.004431
0 0.471208 0.074277 0.009129 0.005830
