0 0.759480 0.657766 0.004213 0.003032
0 1.041959 0.615905 0.004565 0.003265
0 0.858673 0.615322 0.003862 0.003032
0 1.031952 0.611590 0.011938 0.008162
0 0.320400 0.606460 0.008076 0.006763
0 1.052142 0.605644 0.011587 0.007463
0 0.719277 0.573927 0.007374 0.004664
0 0.490344 0.516674 0.007374 0.005364
0 1.186622 0.514576 0.008076 0.004431
0 0.475597 0.489855 0.006671 0.004431
0 0.204881 0.481227 0.008778 0.006763
0 0.377282 0.461754 0.005267 0.003731
0 0.407128 0.421642 0.005267 0.003731
0 0.837430 0.418610 0.005618 0.003731
0 0.407654 0.401236 0.007022 0.004431
0 0.515274 0.400770 0.008076 0.006297
0 0.681531 0.395056 0.004916 0.003265
0 0.687851 0.367071 0.004916 0.003265
0 0.821454 0.346665 0.003862 0.002565
0 0.804600 0.345849 0.003160 0.001866
0 0.781952 0.337104 0.003511 0.002565
0 0.690485 0.307836 0.004565 0.003265
0 0.765449 0.282066 0.004916 0.003498
0 0.619382 0.280784 0.003511 0.002332
0 0.756145 0.281483 0.006671 0.004198
0 0.760709 0.278801 0.003160 0.002099
0 0.611657 0.273088 0.006320 0.004664
0 0.689431 0.270056 0.007374 0.004198
0 0.649579 0.251749 0.005618 0.003498
0 0.468750 0.253265 0.010534 0.007463
0 0.480513 0.246152 0.011587 0.008629
0 0.662570 0.241954 0.004213 0.002565
0 0.659586 0.236590 0.003160 0.002099
0 0.776159 0.225163 0.003862 0.002565
0 0.691362 0.215252 0.005618 0.003265
0 0.498596 0.205224 0.003511 0.002332
0 0.552317 0.184118 0.005618 0.004431
0 0.727704 0.174674 0.005969 0.004198
0 0.475421 0.100513 0.009129 0.007463
