0 0.829705 0.624534 0.010534 0.003731
0 0.834972 0.608792 0.006320 0.004431
0 1.098841 0.599580 0.004565 0.003731
0 0.925035 0.599114 0.007374 0.005131
0 0.948560 0.550723 0.004565 0.003032
0 1.095681 0.549674 0.002458 0.002332
0 0.382374 0.543610 0.004916 0.002799
0 1.124122 0.541045 0.008076 0.004198
0 0.990695 0.524953 0.003862 0.003265
0 0.376229 0.525303 0.008778 0.006297
0 0.487711 0.521922 0.006320 0.003731
0 1.068645 0.511311 0.006671 0.003965
0 0.485604 0.504781 0.007022 0.005830
0 0.505442 0.500350 0.010183 0.005364
0 1.079881 0.489506 0.003160 0.002799
0 0.502809 0.488573 0.006320 0.003731
0 0.468223 0.488456 0.007374 0.003965
0 0.465414 0.479361 0.008076 0.003965
0 0.535990 0.439599 0.004565 0.003265
0 0.997893 0.428405 0.002107 0.001866
0 0.527563 0.421525 0.001756 0.001166
0 0.950492 0.410914 0.007725 0.006996
0 0.907303 0.404268 0.004213 0.003032
0 0.862360 0.398204 0.006320 0.004897
0 0.600246 0.393773 0.007374 0.004431
0 1.013869 0.375350 0.006671 0.003032
0 1.002633 0.376632 0.009480 0.006530
0 0.968048 0.375466 0.006320 0.004198
0 0.467697 0.368120 0.004213 0.003498
0 0.557584 0.363689 0.004916 0.005830
0 1.029494 0.355644 0.006320 0.003731
0 0.468926 0.355644 0.004565 0.004198
0 1.032654 0.350630 0.004916 0.003032
0 0.893961 0.342234 0.007022 0.003032
0 0.965239 0.341768 0.004213 0.003498
0 0.570576 0.325326 0.004213 0.002799
0 0.516503 0.323461 0.005618 0.002332
0 0.941011 0.307719 0.006320 0.003498
0 0.697858 0.307952 0.005969 0.003965
0 0.636412 0.290695 0.009480 0.005830
0 0.540730 0.282299 0.009129 0.004897
0 0.597612 0.280201 0.007725 0.004431
0 0.540555 0.272738 0.011587 0.004897
0 0.724544 0.262010 0.005267 0.003965
0 1.023525 0.236007 0.005618 0.003731
0 1.117802 0.233792 0.008076 0.004431
0 0.824087 0.232976 0.007725 0.005597
0 0.601475 0.230877 0.005618 0.002332
0 1.062149 0.227612 0.004916 0.003265
0 1.113237 0.219916 0.008778 0.005597
0 0.942240 0.211870 0.005267 0.003032
0 1.139396 0.193447 0.009129 0.007229
0 1.149754 0.189599 0.007374 0.004664
0 0.324438 0.183535 0.010534 0.006063
0 0.897823 0.180970 0.005618 0.003731
0 0.644487 0.171409 0.009480 0.006530
0 0.877633 0.165345 0.003862 0.002332
0 0.876229 0.152985 0.006671 0.004198
0 1.044593 0.152169 0.007022 0.006297
0 0.316538 0.135378 0.007374 0.006297
0 0.790730 0.116255 0.004916 0.003965
0 0.818294 0.111124 0.010183 0.005830
0 0.482971 0.104478 0.004565 0.003731
0 0.738062 0.082206 0.007725 0.005364
0 0.250527 0.079991 0.006671 0.005597
0 0.981390 0.075676 0.011236 0.008162
0 1.011060 0.072178 0.004565 0.002099
0 0.689607 0.070196 0.008427 0.005597
0 0.651510 0.031367 0.005267 0.005830
0 0.632198 0.017840 0.010885 0.006763
