0 0.853230 0.635145 0.006320 0.003965
0 0.635007 0.596898 0.003862 0.003032
0 0.439607 0.589785 0.002809 0.002332
0 0.535990 0.587803 0.006671 0.004897
0 0.423455 0.586987 0.004916 0.003265
0 0.438904 0.584072 0.005618 0.003965
0 0.484551 0.582673 0.003511 0.002565
0 0.362711 0.570896 0.004213 0.003265
0 1.129740 0.569963 0.007374 0.005131
0 0.331461 0.560285 0.006320 0.004431
0 0.433462 0.546875 0.001756 0.000933
0 0.632725 0.535798 0.009129 0.005364
0 0.360428 0.535215 0.005969 0.004198
0 0.574087 0.513176 0.004916 0.003498
0 0.455407 0.508046 0.007022 0.004431
0 1.127107 0.501982 0.004916 0.003965
0 0.384305 0.490788 0.003862 0.002565
0 0.420822 0.487873 0.004565 0.002799
0 0.247015 0.489739 0.009480 0.006996
0 0.226475 0.485774 0.002107 0.001399
0 1.226650 0.483326 0.005267 0.003498
0 0.229108 0.478545 0.006671 0.003731
0 0.222963 0.476096 0.002107 0.001166
0 0.633954 0.456973 0.005969 0.004431
0 0.639923 0.454408 0.003160 0.002099
0 0.206285 0.453125 0.005267 0.003265
0 0.528090 0.444846 0.004916 0.003032
0 0.186622 0.441348 0.003160 0.002565
0 0.255267 0.437267 0.005618 0.003265
0 0.369733 0.435168 0.004213 0.002799
0 0.360253 0.435401 0.007022 0.004664
0 0.442591 0.427355 0.008778 0.005364
0 0.361833 0.424557 0.005969 0.004431
0 0.448560 0.421758 0.004565 0.003498
0 0.419417 0.420709 0.004565 0.002799
0 0.477177 0.419426 0.007022 0.005364
0 1.236833 0.417561 0.007374 0.004431
0 1.197331 0.416045 0.005618 0.004664
0 1.216643 0.415928 0.007022 0.004897
0 1.205056 0.409282 0.005618 0.004198
0 1.154494 0.390392 0.005618 0.003731
0 1.149228 0.382812 0.007022 0.004897
0 0.219628 0.375466 0.005267 0.003731
0 0.466994 0.369869 0.004916 0.003265
0 0.281426 0.364855 0.003160 0.002099
0 0.463308 0.363923 0.006671 0.004431
0 0.350421 0.361007 0.007725 0.004664
0 0.764396 0.353545 0.009831 0.006063
0 0.330758 0.347481 0.003511 0.003265
0 0.211025 0.345499 0.005618 0.003965
0 1.205583 0.329058 0.007374 0.005131
0 0.806531 0.328825 0.007022 0.004664
0 1.208041 0.323927 0.003862 0.002799
0 0.329705 0.320429 0.004916 0.003265
0 0.379740 0.315998 0.003160 0.002332
0 0.383954 0.314715 0.002458 0.001632
0 0.330583 0.313433 0.002458 0.002332
0 0.814607 0.312500 0.004916 0.002799
0 0.565660 0.311684 0.007725 0.005830
0 0.346559 0.308069 0.007022 0.005131
0 0.216643 0.296992 0.004213 0.003032
0 0.322858 0.296875 0.005969 0.004198
0 0.855864 0.288246 0.009480 0.008862
0 0.355162 0.274370 0.004565 0.003965
0 0.374824 0.271572 0.007374 0.005364
0 0.162044 0.266908 0.008778 0.005830
0 1.034235 0.260728 0.007374 0.004664
0 0.248596 0.259212 0.007022 0.006297
0 0.166784 0.259095 0.007725 0.006530
0 0.772647 0.244636 0.005969 0.003265
0 0.629038 0.237174 0.003862 0.002799
0 0.709972 0.236707 0.006320 0.004198
0 0.557760 0.233792 0.003862 0.003032
0 0.547577 0.229944 0.003862 0.002799
0 0.554424 0.228428 0.002809 0.002099
0 0.557409 0.227845 0.001756 0.001399
0 0.559867 0.227262 0.002458 0.001632
0 0.641854 0.222248 0.003511 0.002799
0 0.570751 0.221549 0.010183 0.005131
0 1.109375 0.217351 0.005969 0.004664
0 0.629213 0.216301 0.009129 0.005830
0 0.635007 0.211521 0.006671 0.005597
0 0.460147 0.205807 0.003862 0.003032
0 0.409410 0.204991 0.004916 0.003731
0 0.593399 0.202892 0.004916 0.003265
0 0.581987 0.203941 0.007374 0.005364
0 0.400632 0.201726 0.005618 0.004198
0 0.414150 0.195896 0.009480 0.006996
0 0.602177 0.193447 0.006320 0.004431
0 0.205232 0.185518 0.004565 0.003498
0 0.643258 0.184701 0.007022 0.004198
0 0.286517 0.183419 0.004916 0.003965
0 0.632374 0.181087 0.005618 0.003498
0 0.935569 0.173391 0.006671 0.004897
0 0.348841 0.166978 0.005969 0.004198
0 0.416257 0.159632 0.003862 0.002565
0 0.491924 0.143890 0.009831 0.006530
0 1.036341 0.141091 0.005969 0.003731
0 0.490871 0.095266 0.007022 0.004431
0 0.393434 0.080107 0.007374 0.004431
0 0.935042 0.068214 0.007022 0.005364
0 0.638343 0.064949 0.007022 0.004897
0 0.777563 0.059701 0.005267 0.003731
0 0.845506 0.031716 0.007022 0.004664
