0 0.404319 0.610308 0.008778 0.005131
0 0.917135 0.586054 0.004213 0.003265
0 0.778265 0.528918 0.003862 0.002799
0 0.174508 0.510844 0.005618 0.003965
0 0.761060 0.507346 0.005267 0.003498
0 0.420119 0.496152 0.005969 0.003965
0 0.691362 0.469333 0.003511 0.002565
0 0.484375 0.468167 0.003862 0.002099
0 0.615520 0.460704 0.006320 0.003965
0 0.462956 0.454408 0.004565 0.003498
0 0.414501 0.448927 0.003862 0.002799
0 0.627809 0.448344 0.006320 0.003965
0 0.691011 0.448577 0.007725 0.004897
0 0.819522 0.434585 0.006320 0.004431
0 0.725070 0.434118 0.004916 0.003498
0 1.054775 0.420592 0.004213 0.002565
0 0.637114 0.415345 0.005267 0.003265
0 0.500176 0.411381 0.005969 0.004664
0 1.044417 0.402519 0.003862 0.001866
0 1.140801 0.392957 0.004213 0.002799
0 0.457865 0.391558 0.006320 0.004664
0 1.004389 0.390858 0.005969 0.003731
0 0.720681 0.361241 0.003862 0.002332
0 1.084445 0.357160 0.003862 0.002565
0 0.873771 0.346199 0.006671 0.003965
0 0.858146 0.344683 0.004916 0.002332
0 0.944522 0.343400 0.005618 0.003965
0 0.872015 0.335121 0.003160 0.002332
0 0.466643 0.335471 0.005618 0.004431
0 0.468750 0.322411 0.006320 0.003498
0 0.859375 0.316814 0.005267 0.003965
0 0.819698 0.313549 0.008778 0.005830
0 1.210147 0.275070 0.006671 0.004431
0 0.576194 0.266674 0.001404 0.001166
0 1.061096 0.261777 0.002107 0.001632
0 0.909937 0.255131 0.003160 0.002332
0 0.912395 0.248368 0.005969 0.003731
0 0.995435 0.240205 0.003511 0.002332
0 1.108146 0.227845 0.004213 0.002332
0 0.159937 0.227379 0.005969 0.003731
0 0.994382 0.224580 0.003511 0.002332
0 0.995260 0.217118 0.004565 0.002799
0 0.983497 0.215252 0.003511 0.002332
0 0.345330 0.212104 0.003862 0.003032
0 0.977001 0.209888 0.005267 0.002799
0 1.172577 0.207673 0.004565 0.003032
0 0.835674 0.202425 0.006320 0.004198
0 0.868153 0.200093 0.005267 0.003731
0 0.420646 0.177239 0.005618 0.003731
0 0.222788 0.160098 0.004565 0.003498
0 0.236131 0.159748 0.005969 0.004198
0 0.579881 0.151702 0.008076 0.004431
0 1.120084 0.147971 0.005618 0.003965
0 0.406952 0.144590 0.004213 0.002799
0 0.683111 0.135145 0.003862 0.002565
0 0.661868 0.101679 0.003511 0.002332
0 1.005969 0.095849 0.007022 0.005597
0 1.008076 0.077892 0.002809 0.002332
0 0.956987 0.072178 0.003160 0.002099
0 0.628687 0.068214 0.003862 0.002565
0 0.952949 0.066348 0.004916 0.003032
0 0.750176 0.048274 0.004565 0.002799
0 1.042310 0.042910 0.005267 0.003731
