0 1.037746 0.489039 0.012992 0.007929
0 0.704881 0.459072 0.006671 0.005364
0 0.707163 0.422691 0.004916 0.003032
0 0.780197 0.422575 0.005618 0.003731
0 1.228055 0.392840 0.015098 0.003965
0 0.391152 0.326842 0.005618 0.003965
0 0.621664 0.323694 0.010183 0.004664
0 1.210674 0.321828 0.007725 0.004664
0 0.340941 0.312966 0.003511 0.002332
0 0.277563 0.312383 0.004565 0.003032
0 0.208041 0.304221 0.005267 0.003965
0 0.387992 0.290695 0.005618 0.003498
0 0.342872 0.277402 0.005267 0.004431
0 0.424333 0.266441 0.006671 0.003965
0 0.441713 0.255830 0.010534 0.006530
0 1.268785 0.254548 0.008778 0.005364
0 0.178546 0.246502 0.005969 0.005597
0 0.591468 0.231460 0.009480 0.007229
0 0.180302 0.229128 0.005969 0.005364
0 0.208216 0.227379 0.005618 0.003731
0 0.664326 0.224813 0.007725 0.003731
0 0.268610 0.200210 0.004916 0.004897
0 0.561798 0.178288 0.003511 0.002565
0 0.208919 0.177938 0.009129 0.005597
0 0.717346 0.171175 0.009831 0.004664
0 1.024754 0.165928 0.008076 0.005364
0 0.364993 0.162547 0.009480 0.005131
0 1.105162 0.164179 0.009480 0.009328
0 0.642381 0.157533 0.005267 0.002565
0 0.678546 0.156250 0.007374 0.005131
0 1.025808 0.154268 0.008778 0.006763
0 0.362184 0.143424 0.005267 0.005131
0 0.591117 0.136660 0.005267 0.003731
0 0.630091 0.136894 0.012992 0.006063
0 0.630267 0.127682 0.010534 0.007229
0 0.485955 0.114156 0.007725 0.004431
0 0.619382 0.107509 0.011938 0.004664
0 1.064782 0.098181 0.009480 0.007463
0 0.582338 0.044776 0.005267 0.004198
