0 0.637465 0.658116 0.007374 0.005131
0 0.644838 0.654151 0.005969 0.003265
0 0.853933 0.630714 0.007022 0.003965
0 0.792486 0.603195 0.005618 0.003498
0 0.291959 0.600863 0.004565 0.003032
0 0.985779 0.578475 0.008076 0.005830
0 1.135007 0.574510 0.007374 0.004897
0 1.132198 0.567864 0.007374 0.006530
0 0.763167 0.560868 0.004565 0.003265
0 0.321278 0.559352 0.005618 0.003498
0 0.384129 0.559352 0.007022 0.003965
0 0.299860 0.550140 0.001404 0.000933
0 0.614993 0.548041 0.005969 0.003731
0 0.622367 0.544543 0.003862 0.002332
0 0.542486 0.544543 0.003511 0.002799
0 1.078652 0.543493 0.006320 0.004431
0 0.345330 0.530550 0.008778 0.005131
0 0.627985 0.521339 0.009480 0.006297
0 0.683287 0.516558 0.005618 0.003731
0 0.501931 0.511544 0.005969 0.003498
0 0.211728 0.489156 0.004916 0.003965
0 0.558111 0.484492 0.005267 0.003498
0 0.499122 0.481693 0.005267 0.003498
0 0.422226 0.472481 0.006671 0.003731
0 0.226299 0.461987 0.003862 0.002799
0 0.483146 0.460588 0.004916 0.003731
0 0.454705 0.456390 0.003511 0.002332
0 0.295822 0.452076 0.003862 0.002565
0 0.302142 0.444380 0.003862 0.003032
0 0.187324 0.439832 0.003862 0.002799
0 0.349017 0.436800 0.003511 0.002332
0 0.419944 0.435634 0.004213 0.002799
0 0.382725 0.430504 0.003511 0.002332
0 0.412921 0.425956 0.004916 0.002565
0 0.415906 0.420126 0.008076 0.003032
0 0.237360 0.417444 0.003511 0.002799
0 0.201896 0.403218 0.005618 0.004198
0 0.360428 0.396572 0.004565 0.003032
0 0.338659 0.396222 0.003862 0.002799
0 0.224192 0.391908 0.003862 0.002565
0 0.376404 0.353195 0.004916 0.003498
0 0.882725 0.350746 0.004213 0.002799
0 0.616046 0.336287 0.004565 0.003265
0 0.602704 0.330574 0.003862 0.003032
0 0.441362 0.296875 0.004916 0.003731
0 0.798631 0.295359 0.005969 0.003965
0 0.430302 0.293493 0.004565 0.003032
0 0.422051 0.289412 0.003511 0.002799
0 1.084270 0.286847 0.002809 0.001866
0 0.423455 0.278451 0.002809 0.001866
0 0.791257 0.276469 0.002458 0.001632
0 0.397647 0.272971 0.006671 0.003498
0 0.790730 0.271105 0.003511 0.002099
0 0.482268 0.269356 0.005267 0.003265
0 1.099719 0.220732 0.006320 0.003965
0 0.680478 0.218284 0.003511 0.002332
0 1.103055 0.216418 0.006671 0.004198
0 0.671699 0.210938 0.006320 0.003498
0 0.650456 0.209888 0.003160 0.002332
0 0.678722 0.205807 0.004213 0.003032
0 0.658532 0.186217 0.007374 0.004897
0 0.209796 0.185285 0.006671 0.005364
0 0.241046 0.172341 0.008778 0.006063
0 0.643785 0.170126 0.005267 0.003965
0 0.267205 0.167094 0.005618 0.003498
0 0.627282 0.154851 0.008778 0.005597
0 0.305653 0.143307 0.006671 0.003965
0 0.485779 0.113223 0.003862 0.003032
0 0.402037 0.104478 0.005618 0.003265
0 0.881847 0.088736 0.008076 0.005830
0 0.485428 0.073694 0.003862 0.002332
0 1.086552 0.066814 0.005267 0.003498
0 0.808462 0.054571 0.006671 0.004664
0 0.639923 0.052122 0.003160 0.002099
0 0.957865 0.049557 0.004916 0.003032
0 0.866924 0.049090 0.005618 0.003965
0 0.806882 0.047575 0.004213 0.002799
0 0.510007 0.034282 0.003862 0.002332
0 0.491397 0.031483 0.004565 0.002799
0 0.780021 0.023554 0.003862 0.002332
0 0.857444 0.013759 0.010534 0.006063
0 0.733146 0.007113 0.006320 0.004431
