0 0.886236 0.619636 0.003511 0.002799
0 0.996313 0.616838 0.010183 0.007463
0 0.312851 0.605061 0.004213 0.003032
0 0.706636 0.604361 0.003160 0.002099
0 1.000351 0.604827 0.008427 0.005830
0 0.724192 0.593517 0.006671 0.005131
0 0.339010 0.585005 0.005267 0.003965
0 0.744909 0.583839 0.005267 0.003965
0 0.923279 0.580690 0.001756 0.001399
0 0.917486 0.577076 0.005618 0.003965
0 0.703125 0.574627 0.004565 0.003731
0 0.965765 0.573811 0.005969 0.003965
0 0.372015 0.573344 0.007374 0.004897
0 0.771419 0.571362 0.006320 0.003265
0 0.548806 0.570196 0.004213 0.003265
0 0.305302 0.571479 0.010183 0.007229
0 0.925211 0.552705 0.004213 0.003265
0 0.754565 0.547575 0.009129 0.005131
0 0.967521 0.538946 0.006671 0.004198
0 0.787570 0.534865 0.004916 0.003498
0 0.550562 0.531367 0.005618 0.003965
0 1.020892 0.523088 0.005267 0.004198
0 0.965590 0.513993 0.002107 0.001866
0 0.624298 0.514925 0.006320 0.004664
0 0.811096 0.512243 0.004213 0.002099
0 0.977528 0.508512 0.002107 0.001632
0 0.709094 0.506413 0.005267 0.004897
0 0.851826 0.504781 0.007022 0.003965
0 1.136763 0.505014 0.008076 0.005830
0 0.461376 0.470266 0.006320 0.004431
0 1.112886 0.469566 0.005969 0.004431
0 0.832865 0.468400 0.003511 0.002099
0 0.417662 0.459888 0.005969 0.003731
0 0.801791 0.432020 0.003862 0.002565
0 0.974719 0.425606 0.005618 0.004198
0 0.912746 0.406950 0.004565 0.002799
0 0.801264 0.404384 0.006320 0.004198
0 0.811798 0.404618 0.007022 0.005131
0 0.965590 0.391441 0.004213 0.003498
0 0.815660 0.358209 0.004213 0.002799
0 0.828827 0.348064 0.008076 0.004431
0 0.739291 0.347598 0.005267 0.003498
0 0.668188 0.343284 0.004916 0.003731
0 1.010709 0.342467 0.003862 0.003032
0 0.751229 0.339319 0.006671 0.004198
0 1.010007 0.336404 0.003862 0.002565
0 0.761060 0.333022 0.003862 0.002332
0 0.667486 0.330690 0.004213 0.002799
0 1.024579 0.328125 0.003511 0.001866
0 0.508954 0.322645 0.005969 0.004431
0 0.500176 0.322411 0.006671 0.004897
0 0.676440 0.311917 0.004565 0.003498
0 0.987360 0.303638 0.005618 0.004198
0 1.085850 0.293493 0.008778 0.005830
0 0.863588 0.286847 0.004565 0.004198
0 1.192416 0.263410 0.007725 0.004897
0 0.529670 0.258046 0.010183 0.005830
0 1.056706 0.238806 0.005969 0.004198
0 1.050913 0.236007 0.006320 0.004198
0 0.977001 0.225163 0.005267 0.003965
0 0.952072 0.220033 0.007374 0.004897
0 0.889045 0.210471 0.004916 0.003498
0 0.486131 0.209538 0.009480 0.006297
0 0.744031 0.203708 0.002809 0.002099
0 1.143785 0.168027 0.008076 0.005830
0 0.720330 0.165112 0.003160 0.002332
0 0.723315 0.161147 0.003511 0.002799
0 0.870611 0.155084 0.005969 0.003731
0 0.220330 0.146805 0.009480 0.006297
0 0.730864 0.130947 0.007374 0.004897
0 0.870435 0.125466 0.006320 0.004664
0 0.756671 0.118703 0.004916 0.003265
0 0.788799 0.112290 0.005267 0.003965
0 1.075492 0.111940 0.011938 0.007929
0 0.512465 0.092234 0.010183 0.006297
0 1.031601 0.082439 0.007725 0.005364
0 0.866046 0.060984 0.008076 0.004897
0 0.462430 0.041978 0.005618 0.003265
0 0.644663 0.019007 0.004213 0.003032
0 0.655372 0.018190 0.009480 0.006996
