0 0.943469 0.645872 0.006320 0.004431
0 0.984024 0.643773 0.005969 0.003965
0 0.321629 0.627215 0.004916 0.003498
0 1.063027 0.619170 0.008778 0.004198
0 0.553546 0.609608 0.008076 0.004664
0 0.829705 0.607859 0.005618 0.003498
0 0.543890 0.607276 0.004916 0.002799
0 0.273701 0.589785 0.005267 0.003731
0 0.617100 0.586171 0.004565 0.003032
0 0.573209 0.581856 0.005267 0.003731
0 0.607619 0.581740 0.008076 0.004897
0 0.560569 0.580457 0.004565 0.003265
0 0.284937 0.579641 0.005267 0.003498
0 0.636763 0.578941 0.003862 0.002565
0 0.272647 0.578475 0.005267 0.003498
0 0.651159 0.548857 0.003862 0.002565
0 0.616222 0.548857 0.004213 0.003032
0 0.359024 0.541161 0.005969 0.003965
0 0.366397 0.537313 0.008778 0.005131
0 0.379916 0.535798 0.004916 0.003498
0 0.293364 0.528568 0.003862 0.002565
0 0.592697 0.527635 0.004916 0.003498
0 0.607971 0.527169 0.003862 0.003032
0 0.234726 0.525653 0.003160 0.002332
0 0.600246 0.524370 0.005267 0.003965
0 0.582690 0.517257 0.005267 0.003731
0 0.216117 0.516325 0.003160 0.002332
0 0.189256 0.509328 0.004916 0.003265
0 0.485253 0.506530 0.003511 0.002332
0 0.201369 0.506646 0.003160 0.002565
0 0.625176 0.507229 0.008778 0.005131
0 0.742626 0.505131 0.002809 0.002799
0 0.492275 0.498134 0.005618 0.003731
0 0.245084 0.487174 0.009129 0.005131
0 0.159937 0.463736 0.003160 0.002565
0 0.994382 0.451959 0.003511 0.002332
0 0.396945 0.446012 0.006671 0.003498
0 0.204705 0.431437 0.007725 0.005597
0 0.511938 0.402169 0.010534 0.006297
0 0.681180 0.402868 0.010534 0.008162
0 0.794768 0.389226 0.004565 0.002799
0 0.873069 0.383396 0.003862 0.002332
0 0.211376 0.379897 0.008427 0.005597
0 0.123420 0.379198 0.012289 0.007929
0 1.012289 0.376166 0.004213 0.002799
0 0.448736 0.376166 0.011938 0.007929
0 0.767381 0.373368 0.004565 0.003265
0 0.489115 0.373717 0.004213 0.004431
0 0.425562 0.365205 0.002809 0.001866
0 0.198385 0.365438 0.004916 0.003265
0 0.621313 0.362640 0.003160 0.002332
0 0.455056 0.363106 0.006320 0.005131
0 0.524228 0.359258 0.002809 0.002099
0 0.276334 0.355877 0.006320 0.005131
0 0.138518 0.355177 0.005267 0.004198
0 0.521067 0.353895 0.004213 0.002565
0 0.515098 0.350979 0.006320 0.004198
0 0.413799 0.349347 0.003862 0.003265
0 0.521770 0.347248 0.005618 0.004198
0 0.565133 0.343983 0.002458 0.001866
0 0.416959 0.344100 0.003862 0.002565
0 0.115871 0.336754 0.003511 0.002332
0 0.263518 0.326376 0.003160 0.002099
0 0.726299 0.317397 0.004565 0.003731
0 0.730337 0.313783 0.004213 0.002565
0 0.229635 0.313666 0.008427 0.005597
0 0.519838 0.303521 0.006671 0.004431
0 0.957865 0.298741 0.005618 0.003731
0 1.037570 0.294426 0.004916 0.003498
0 0.947331 0.288246 0.002809 0.002332
0 0.274754 0.288130 0.003862 0.003032
0 0.455934 0.288130 0.005267 0.003498
0 0.759656 0.288363 0.008076 0.004431
0 0.744031 0.286381 0.002809 0.001866
0 0.563553 0.287663 0.009831 0.004897
0 0.296524 0.284748 0.003862 0.002799
0 0.932058 0.265625 0.005267 0.003265
0 0.550386 0.260494 0.003862 0.002799
0 0.341468 0.256763 0.004565 0.003265
0 0.217521 0.256530 0.004565 0.003265
0 0.881145 0.256297 0.005969 0.004198
0 0.384129 0.250233 0.004916 0.003265
0 0.201018 0.247668 0.003862 0.002799
0 0.658181 0.247201 0.003160 0.002332
0 0.360253 0.245336 0.004916 0.003731
0 0.788272 0.228661 0.006320 0.003498
0 0.565485 0.223064 0.003862 0.003032
0 0.660288 0.215485 0.003862 0.002799
0 0.551966 0.212104 0.004213 0.003032
0 0.696805 0.207090 0.003862 0.002799
0 0.362360 0.177705 0.007022 0.004664
0 0.640801 0.163596 0.003511 0.002565
0 0.381496 0.159865 0.005267 0.003032
0 0.556180 0.160331 0.007022 0.004431
0 0.651861 0.154967 0.003862 0.002565
0 0.561798 0.148438 0.003511 0.002565
0 0.568469 0.147155 0.003511 0.002332
0 0.474895 0.141325 0.005267 0.003731
0 0.282128 0.126399 0.003862 0.002332
0 0.348315 0.123484 0.017556 0.010961
0 1.074263 0.114272 0.012289 0.008862
0 1.040555 0.106576 0.008778 0.006063
0 0.549157 0.066231 0.004916 0.003265
0 0.712079 0.049907 0.004916 0.003265
0 0.345681 0.028218 0.009480 0.006996
0 1.000527 0.026819 0.008778 0.005597
