0 0.836025 0.642141 0.008427 0.003965
0 0.945927 0.642374 0.008427 0.005364
0 0.867100 0.634095 0.006671 0.003731
0 0.866924 0.626749 0.006320 0.003965
0 0.828652 0.611824 0.005618 0.003965
0 1.028968 0.608909 0.010183 0.006063
0 0.497367 0.605410 0.005267 0.004664
0 0.504213 0.603312 0.004916 0.002799
0 0.480337 0.599697 0.006320 0.003965
0 0.965941 0.591884 0.004213 0.002799
0 0.962079 0.588503 0.004916 0.003032
0 0.784761 0.585821 0.004916 0.002332
0 0.775983 0.585005 0.007022 0.002565
0 1.090063 0.586754 0.009480 0.006530
0 0.830583 0.584072 0.005267 0.003965
0 0.849544 0.581623 0.005267 0.002799
0 1.101299 0.581740 0.005969 0.003498
0 1.121840 0.581157 0.006320 0.004198
0 0.931706 0.576493 0.006671 0.004664
0 0.785288 0.567980 0.004565 0.002099
0 1.116573 0.555037 0.006320 0.004198
0 0.389396 0.550257 0.004916 0.003032
0 0.413624 0.547458 0.004916 0.003032
0 1.124824 0.546409 0.004565 0.003265
0 0.384656 0.544193 0.003862 0.002565
0 0.375702 0.537197 0.007022 0.004431
0 0.987360 0.534282 0.004213 0.002799
0 0.682058 0.512127 0.005267 0.003265
0 0.960323 0.511660 0.004916 0.002799
0 0.910463 0.511894 0.007725 0.005131
0 1.161692 0.509678 0.009480 0.006763
0 1.155548 0.501399 0.005618 0.004198
0 0.665730 0.497085 0.003511 0.002565
0 0.838483 0.476912 0.003511 0.002332
0 0.877633 0.474930 0.008076 0.004897
0 0.244031 0.467001 0.007725 0.005364
0 1.117275 0.449394 0.005618 0.003265
0 0.818469 0.446595 0.009831 0.007463
0 0.727704 0.436334 0.007374 0.004664
0 0.796524 0.433535 0.008778 0.008862
0 0.885183 0.421409 0.006320 0.003731
0 0.815836 0.418843 0.003160 0.001866
0 0.561271 0.413946 0.005267 0.003731
0 0.908883 0.411381 0.003862 0.002799
0 0.979810 0.410564 0.009480 0.005364
0 0.537219 0.403568 0.007725 0.003032
0 0.271419 0.394939 0.007725 0.004431
0 0.792662 0.392840 0.003160 0.002099
0 0.964185 0.388410 0.005618 0.003965
0 1.081987 0.381880 0.002458 0.001632
0 0.791433 0.375000 0.008427 0.005131
0 1.004038 0.373368 0.005969 0.004198
0 0.766152 0.367771 0.004213 0.003265
0 1.043890 0.359841 0.006320 0.005131
0 0.600597 0.359608 0.008076 0.006063
0 0.624473 0.355177 0.007374 0.002332
0 1.105162 0.352495 0.003862 0.002565
0 0.667837 0.332206 0.004916 0.004431
0 0.620962 0.322878 0.007374 0.004897
0 0.611131 0.315065 0.004565 0.003731
0 0.178722 0.314599 0.006320 0.003265
0 0.670295 0.304221 0.004213 0.002565
0 0.510885 0.303405 0.009831 0.005597
0 0.648350 0.289879 0.003862 0.002799
0 0.193469 0.288479 0.006320 0.005131
0 0.595154 0.285331 0.006320 0.003965
0 0.798279 0.281133 0.004565 0.003032
0 0.668013 0.261660 0.005969 0.003731
0 0.801440 0.257113 0.005969 0.003965
0 0.889923 0.248251 0.006671 0.004431
0 0.896770 0.243470 0.003511 0.002332
0 0.694698 0.225047 0.003862 0.002799
0 1.130618 0.220266 0.006320 0.003965
0 1.063904 0.220499 0.007022 0.004431
0 0.904846 0.218750 0.004213 0.002799
0 0.898350 0.197645 0.007374 0.004431
0 0.939256 0.183535 0.002809 0.002332
0 0.967697 0.174207 0.004213 0.002332
0 0.924333 0.173741 0.005969 0.004664
0 0.812324 0.161847 0.004565 0.003265
0 0.200492 0.157649 0.007022 0.005131
0 0.981566 0.133279 0.008778 0.005830
0 0.856215 0.116488 0.006671 0.004431
0 0.324789 0.117771 0.007725 0.007463
0 0.232971 0.114855 0.005969 0.004431
0 0.344101 0.109258 0.007725 0.004431
0 0.994733 0.101096 0.011236 0.007229
0 0.613764 0.097598 0.004213 0.003032
0 0.979986 0.096549 0.006320 0.003731
0 0.985779 0.095732 0.003862 0.003498
0 0.964712 0.094100 0.003862 0.002565
0 0.960674 0.088619 0.009129 0.005131
0 0.340063 0.075210 0.007374 0.005364
0 0.956812 0.045126 0.006320 0.004431
0 0.947858 0.040345 0.004565 0.002799
0 0.375527 0.041628 0.005969 0.005364
0 0.445400 0.028218 0.006671 0.004198
