0 0.750527 0.564832 0.007374 0.005131
0 0.564256 0.541278 0.005618 0.003265
0 0.995260 0.471665 0.008076 0.005364
0 1.225948 0.459188 0.008778 0.005131
0 1.235779 0.440648 0.011587 0.007696
0 0.685218 0.426889 0.006671 0.004897
0 0.632198 0.418377 0.008076 0.005131
0 1.095330 0.413596 0.009480 0.006297
0 0.437500 0.387127 0.005618 0.003731
0 0.928195 0.379548 0.004565 0.003032
0 1.086903 0.373951 0.006671 0.005364
0 0.579881 0.359142 0.005969 0.003731
0 0.682409 0.353312 0.009480 0.006530
0 0.661166 0.345616 0.007725 0.005131
0 1.049684 0.341884 0.005267 0.003731
0 0.999473 0.328825 0.005969 0.003731
0 0.670822 0.323228 0.008076 0.005131
0 1.033181 0.315299 0.006671 0.004198
0 1.159059 0.309585 0.004916 0.003965
0 0.965063 0.301423 0.003862 0.002565
0 0.945049 0.297458 0.003160 0.002565
0 0.773174 0.296292 0.009129 0.005830
0 0.527388 0.276003 0.009831 0.006297
0 1.186096 0.261894 0.007725 0.004198
0 0.605337 0.258279 0.005618 0.003032
0 0.574965 0.257346 0.008778 0.006297
0 0.596208 0.255714 0.006320 0.004897
0 0.809691 0.232393 0.005618 0.003498
0 0.486482 0.229128 0.008076 0.005830
0 0.784410 0.224930 0.007022 0.004431
0 0.831987 0.219916 0.004565 0.003265
0 0.748596 0.217701 0.004916 0.003032
0 0.791959 0.217118 0.005267 0.003265
0 0.806355 0.212920 0.005969 0.004198
0 0.743329 0.210471 0.004213 0.003032
0 0.757900 0.210704 0.008076 0.004897
0 0.767029 0.208256 0.005969 0.004198
0 1.181882 0.203591 0.007725 0.004198
0 0.826018 0.204291 0.008076 0.006063
0 0.918013 0.201726 0.003862 0.002799
0 0.998596 0.197295 0.004213 0.002799
0 0.918890 0.193097 0.007022 0.004664
0 0.801615 0.177472 0.008427 0.004664
0 0.592697 0.175023 0.006320 0.003965
0 0.921173 0.168727 0.008778 0.006297
0 0.823736 0.159632 0.012640 0.008162
0 0.697858 0.144473 0.005267 0.003498
0 0.902212 0.142024 0.005267 0.003731
0 0.788799 0.136077 0.008076 0.004431
0 0.966117 0.128965 0.005267 0.003265
0 0.802142 0.117887 0.008076 0.005364
0 0.520014 0.097598 0.005618 0.003498
0 0.910639 0.097248 0.005267 0.003265
0 0.968750 0.097132 0.007022 0.004431
0 0.924333 0.093983 0.005267 0.003731
0 0.919768 0.083839 0.005267 0.003498
0 0.974192 0.078708 0.003862 0.002565
0 0.956461 0.073694 0.003511 0.002332
0 0.762114 0.066581 0.005267 0.003498
0 0.378687 0.060984 0.005969 0.003965
0 0.979459 0.061684 0.010885 0.006297
0 0.879213 0.056320 0.005618 0.003498
