0 0.287921 0.542794 0.006320 0.004431
0 0.235253 0.536847 0.007725 0.004664
0 0.718750 0.535914 0.008427 0.004198
0 0.317240 0.514809 0.005969 0.003498
0 0.368855 0.508979 0.006671 0.004431
0 1.109551 0.498484 0.005618 0.003965
0 1.145541 0.457206 0.008076 0.003965
0 1.153617 0.447295 0.007374 0.004664
0 0.891503 0.417094 0.004916 0.003498
0 0.893434 0.381996 0.005267 0.003731
0 0.898174 0.377099 0.004916 0.003731
0 0.179424 0.310168 0.004213 0.002799
0 0.920119 0.274021 0.005969 0.004198
0 0.187324 0.240205 0.004565 0.003265
0 0.272121 0.236707 0.009129 0.006996
0 0.593048 0.205107 0.005618 0.003498
0 0.625351 0.188433 0.008427 0.004664
0 0.311271 0.189016 0.005969 0.005830
0 0.334972 0.185518 0.006320 0.003498
0 0.485779 0.167677 0.005969 0.003731
0 0.325492 0.152985 0.004916 0.003731
0 0.420646 0.140975 0.004213 0.003032
0 0.376756 0.124650 0.006320 0.003965
