0 0.740871 0.573344 0.009831 0.005830
0 0.446103 0.563316 0.008076 0.005830
0 1.184867 0.545709 0.011587 0.007929
0 0.811447 0.519473 0.007725 0.005364
0 0.770892 0.487407 0.008778 0.005131
0 0.814607 0.454408 0.008427 0.004897
0 0.458919 0.425373 0.006320 0.003731
0 0.863940 0.417910 0.009480 0.005597
0 0.300562 0.417677 0.008427 0.005597
0 0.749298 0.338853 0.007022 0.004664
0 0.945576 0.308652 0.005618 0.003498
0 0.818996 0.289296 0.007374 0.004431
0 0.820225 0.276819 0.007022 0.004198
0 0.780021 0.263876 0.006671 0.003498
0 0.813553 0.239506 0.004213 0.002799
0 0.525105 0.159865 0.006671 0.004431
0 0.997718 0.091418 0.008076 0.005131
0 0.942767 0.069496 0.005618 0.003265
