0 0.705232 0.572178 0.006671 0.003965
0 0.684691 0.560285 0.004916 0.003965
0 0.571454 0.553172 0.003160 0.002332
0 0.330934 0.543610 0.007374 0.005597
0 0.449965 0.540229 0.003862 0.002565
0 0.455934 0.506180 0.007374 0.004897
0 0.323034 0.484025 0.007725 0.004897
0 0.491222 0.456040 0.007022 0.003965
0 0.465063 0.454408 0.005969 0.003965
0 0.293364 0.424207 0.003862 0.002332
0 0.296699 0.420826 0.004916 0.003498
0 0.465765 0.410681 0.005267 0.004198
0 0.375702 0.367188 0.003511 0.003032
0 0.407303 0.364389 0.004916 0.003032
0 0.374649 0.360658 0.004916 0.003032
0 0.416257 0.356227 0.004565 0.003498
0 0.231917 0.355177 0.005267 0.003265
0 0.735253 0.345849 0.004916 0.003265
0 0.862886 0.342701 0.007374 0.003965
0 0.381671 0.334655 0.003511 0.002332
0 0.184867 0.318563 0.004565 0.002799
0 0.607268 0.316581 0.008076 0.005830
0 0.541959 0.289646 0.005267 0.003265
0 0.542135 0.219799 0.006320 0.003965
0 0.553195 0.207789 0.005969 0.004198
0 0.651861 0.178988 0.006671 0.004897
0 0.742978 0.170476 0.004916 0.002799
0 0.651685 0.170359 0.006320 0.004431
0 0.501229 0.167794 0.004565 0.003032
0 0.735779 0.168027 0.006671 0.004431
0 0.731215 0.163246 0.005267 0.003265
0 0.503160 0.161497 0.004916 0.002565
0 0.729635 0.159515 0.004213 0.002799
0 0.661692 0.160448 0.008778 0.005131
0 0.747893 0.152052 0.007022 0.003731
0 0.472788 0.130714 0.012289 0.006763
0 0.527739 0.092584 0.008427 0.005131
0 0.609902 0.089086 0.007022 0.003265
0 0.484551 0.086987 0.004213 0.002332
0 0.500351 0.085238 0.003511 0.002099
0 0.516327 0.077659 0.007374 0.004198
0 0.556355 0.071595 0.003160 0.002332
0 0.659761 0.066231 0.004916 0.002799
