0 0.682760 0.650303 0.006671 0.003498
0 0.882549 0.640042 0.012289 0.007696
0 0.830758 0.635494 0.005618 0.004198
0 0.820751 0.627215 0.004565 0.003965
0 0.967521 0.613456 0.008076 0.004897
0 0.327423 0.609258 0.003160 0.002099
0 0.844979 0.605760 0.005267 0.003965
0 0.329529 0.599930 0.003160 0.003032
0 0.272823 0.583256 0.005618 0.003265
0 0.289677 0.570429 0.005618 0.003265
0 0.296875 0.558885 0.003160 0.002099
0 0.307760 0.555854 0.003862 0.003498
0 0.652388 0.555854 0.005618 0.003965
0 0.304951 0.552355 0.003160 0.002099
0 0.637465 0.543493 0.004565 0.002565
0 0.261412 0.542910 0.003862 0.003265
0 0.498069 0.535914 0.004565 0.002799
0 0.693820 0.535098 0.002809 0.001632
0 0.347612 0.519356 0.002809 0.002332
0 0.729986 0.498134 0.002107 0.001866
0 0.588483 0.498717 0.007022 0.003498
0 0.517029 0.496968 0.008778 0.005131
0 0.658357 0.493937 0.004916 0.004198
0 0.290555 0.491021 0.005267 0.003498
0 0.778265 0.489156 0.003862 0.003032
0 0.515274 0.485308 0.004565 0.002799
0 0.666784 0.483326 0.005618 0.005364
0 0.192591 0.482626 0.005267 0.003965
0 1.021243 0.480294 0.006671 0.005830
0 0.771243 0.457673 0.003160 0.002565
0 0.816187 0.444030 0.003862 0.004198
0 1.088483 0.435051 0.007022 0.004431
0 0.318645 0.435401 0.011587 0.005597
0 0.381847 0.436684 0.012289 0.008629
0 0.257198 0.429338 0.005267 0.004198
0 1.068294 0.417561 0.010885 0.005364
0 0.264572 0.412313 0.005267 0.004198
0 0.676440 0.410564 0.007374 0.006763
0 0.624298 0.408582 0.005618 0.004198
0 0.577949 0.408815 0.011236 0.007463
0 0.202774 0.402402 0.003160 0.002565
0 0.830056 0.395173 0.003511 0.002565
0 0.166784 0.389925 0.004213 0.002799
0 0.161517 0.385728 0.002809 0.001399
0 0.820049 0.371269 0.011587 0.005131
0 0.378336 0.363456 0.004565 0.002565
0 0.224017 0.361241 0.004213 0.003265
0 0.866749 0.359492 0.003160 0.003032
0 0.251580 0.358792 0.003160 0.003032
0 0.267381 0.354827 0.005267 0.003498
0 0.826896 0.351912 0.005618 0.003731
0 0.847437 0.350280 0.003160 0.001866
0 0.254213 0.350047 0.002107 0.001399
0 0.248771 0.347365 0.003160 0.002565
0 1.266854 0.347948 0.008427 0.004664
0 0.362711 0.345849 0.003511 0.002332
0 0.354986 0.344916 0.004916 0.003731
0 0.879916 0.335121 0.004916 0.002799
0 0.895892 0.329408 0.003862 0.002565
0 0.281426 0.329641 0.007374 0.005364
0 0.131847 0.322645 0.005267 0.003965
0 0.312500 0.322994 0.006320 0.005131
0 0.220681 0.322062 0.010183 0.006063
0 0.631145 0.318563 0.010183 0.004198
0 0.282654 0.314249 0.004916 0.003498
0 0.809867 0.311800 0.010183 0.005597
0 0.666784 0.310168 0.006320 0.008396
0 0.820927 0.303055 0.007725 0.003032
0 0.831636 0.302472 0.011587 0.006063
0 0.827774 0.297458 0.009480 0.003032
0 0.483848 0.289529 0.004213 0.003032
0 0.797577 0.284981 0.004565 0.002332
0 0.774403 0.284165 0.003862 0.002099
0 0.589712 0.284865 0.008076 0.005830
0 0.502282 0.276702 0.007374 0.006297
0 0.536868 0.276353 0.007022 0.006063
0 0.458392 0.274837 0.006671 0.005830
0 0.509129 0.266091 0.003511 0.002332
0 0.584621 0.256530 0.004213 0.002799
0 0.478406 0.247201 0.005267 0.002799
0 0.593048 0.243470 0.006320 0.003731
0 0.441011 0.240905 0.006320 0.004198
0 0.156250 0.239272 0.003511 0.002332
0 0.243329 0.218867 0.003511 0.002565
0 0.581110 0.214319 0.007022 0.004664
0 0.249824 0.211521 0.003862 0.002332
0 0.399228 0.189832 0.007725 0.004664
0 0.721559 0.187733 0.008427 0.004664
0 0.408883 0.186917 0.008076 0.005364
0 0.595506 0.184818 0.011938 0.007696
0 0.518434 0.180037 0.009480 0.005131
0 0.699789 0.179221 0.007022 0.004431
0 0.685218 0.177239 0.005969 0.003731
0 0.597963 0.176772 0.009129 0.006063
0 0.689256 0.173158 0.006320 0.003498
0 1.055126 0.173857 0.006320 0.005830
0 0.289326 0.156483 0.003511 0.003731
0 0.261587 0.156600 0.007022 0.003965
0 0.716819 0.153568 0.006671 0.003965
0 0.402914 0.152519 0.005969 0.003731
0 1.017381 0.147038 0.008076 0.005364
0 0.438027 0.144823 0.007374 0.005131
0 0.484902 0.135261 0.004213 0.002332
0 0.427669 0.135145 0.007725 0.003498
0 0.998244 0.132579 0.007022 0.003965
0 0.331461 0.126166 0.006320 0.005131
0 0.448560 0.122435 0.005267 0.002799
0 1.172577 0.114039 0.007374 0.005597
0 0.731215 0.112640 0.005267 0.003731
0 0.967521 0.114039 0.014396 0.008396
0 1.135007 0.108675 0.005267 0.003265
0 1.135885 0.104944 0.004916 0.003265
0 0.705934 0.103895 0.012289 0.004431
0 1.081461 0.089785 0.004916 0.003731
0 0.706812 0.089785 0.012640 0.006063
0 0.292662 0.084305 0.006671 0.003965
0 0.332514 0.083022 0.002809 0.001866
0 0.312324 0.080924 0.005267 0.003265
0 0.333392 0.078591 0.005267 0.003731
0 0.382022 0.060751 0.007022 0.003965
0 1.052142 0.052938 0.004565 0.003731
0 0.588132 0.054688 0.009831 0.007229
0 0.340414 0.037080 0.010885 0.006063
0 0.815836 0.026702 0.005267 0.003498
0 1.048455 0.009678 0.006320 0.003965
