0 0.771419 0.652402 0.009129 0.006297
0 0.783708 0.647505 0.007725 0.007696
0 0.914853 0.620336 0.008778 0.005597
0 0.908532 0.611474 0.007374 0.004664
0 0.575843 0.610075 0.009129 0.006063
0 0.902914 0.602962 0.010183 0.005830
0 0.301264 0.597831 0.004916 0.003965
0 0.330056 0.591884 0.011938 0.007463
0 0.555302 0.568680 0.008076 0.004897
0 0.577072 0.551539 0.006671 0.004198
0 0.352879 0.540112 0.009831 0.006530
0 0.596735 0.536497 0.009480 0.005364
0 0.348841 0.502332 0.009480 0.006530
0 0.746489 0.486241 0.009129 0.005131
0 0.816187 0.476329 0.012992 0.009095
0 0.433638 0.462337 0.009831 0.005830
0 0.407479 0.461404 0.005969 0.004431
0 0.470506 0.461754 0.009129 0.006530
0 0.393258 0.460704 0.007022 0.004431
0 0.706987 0.426539 0.008778 0.005597
0 0.907128 0.391791 0.012992 0.007463
0 0.615169 0.385844 0.012640 0.005364
0 0.906777 0.381413 0.010885 0.007696
0 0.353757 0.372901 0.010183 0.006996
0 0.500000 0.372085 0.011236 0.006763
0 0.462079 0.347948 0.011938 0.008396
0 1.256320 0.339202 0.011236 0.007229
0 0.400632 0.332439 0.007022 0.003498
0 0.499824 0.329991 0.006671 0.006063
0 0.288448 0.328591 0.012289 0.007463
0 0.401861 0.322062 0.006671 0.005597
0 0.431531 0.312150 0.005618 0.003498
0 0.843048 0.306553 0.007022 0.004897
0 0.762114 0.306203 0.006671 0.004664
0 0.403090 0.305271 0.007725 0.005597
0 0.210674 0.304571 0.012640 0.008862
0 0.858322 0.299324 0.009480 0.005364
0 0.199263 0.292910 0.009480 0.007463
0 0.733673 0.283349 0.010183 0.006063
0 0.362360 0.277635 0.013343 0.005364
0 0.425913 0.277169 0.009831 0.008629
0 0.320400 0.263759 0.008778 0.005597
0 0.442767 0.233675 0.013343 0.009795
0 0.457514 0.222948 0.016854 0.006063
0 0.609902 0.213969 0.009129 0.005830
0 0.381847 0.199277 0.013694 0.009562
0 0.199614 0.143190 0.010183 0.006530
0 1.104108 0.115089 0.012289 0.010494
0 1.141327 0.102029 0.008076 0.007229
0 1.132725 0.098764 0.005618 0.003498
0 1.041784 0.058419 0.013343 0.010028
0 0.711728 0.047108 0.009129 0.005131
0 0.584621 0.017491 0.018961 0.011194
0 0.660112 0.014226 0.012640 0.007463
