0 0.450667 0.354011 0.006671 0.004198
0 0.542486 0.351213 0.003511 0.002332
0 0.557233 0.348298 0.004916 0.003032
0 0.540730 0.346432 0.004213 0.002565
0 0.510007 0.327309 0.003862 0.002565
0 0.533006 0.303172 0.005618 0.005131
0 0.516678 0.301306 0.003160 0.002332
0 0.508251 0.298274 0.005969 0.004198
0 0.531601 0.204408 0.004916 0.003032
0 0.787746 0.202892 0.009480 0.005131
0 0.531601 0.197878 0.004916 0.003498
0 0.589537 0.181320 0.007022 0.003965
0 0.829881 0.179338 0.009480 0.004664
0 0.819171 0.160914 0.007725 0.005597
0 0.326721 0.144706 0.005969 0.003965
0 0.565309 0.069846 0.010534 0.006297
