0 0.789853 0.616138 0.006671 0.002799
0 0.691889 0.615089 0.005267 0.003498
0 0.404494 0.605877 0.006320 0.004198
0 1.135885 0.588153 0.014045 0.006996
0 0.806882 0.570662 0.005618 0.004198
0 0.804249 0.564249 0.003862 0.003032
0 0.770541 0.564366 0.006671 0.004664
0 0.489642 0.559818 0.012992 0.005830
0 0.672928 0.544776 0.008076 0.005597
0 0.873069 0.541628 0.008076 0.005830
0 0.855864 0.536730 0.010183 0.006297
0 0.844628 0.520289 0.005267 0.004198
0 0.753160 0.511077 0.009831 0.003965
0 0.460674 0.508979 0.005618 0.005830
0 0.766503 0.505131 0.007022 0.003265
0 0.721383 0.482976 0.004565 0.003265
0 0.637465 0.480177 0.005969 0.003731
0 0.754740 0.473647 0.005267 0.002799
0 0.899579 0.467584 0.004916 0.005597
0 0.913448 0.462104 0.008076 0.004897
0 0.818294 0.464202 0.015801 0.009562
0 0.532479 0.458022 0.010885 0.006063
0 0.821278 0.455340 0.004916 0.002565
0 1.190836 0.456390 0.008076 0.007463
0 0.769312 0.449510 0.006320 0.004431
0 0.895716 0.446012 0.004213 0.003032
0 0.777563 0.444380 0.009480 0.005364
0 0.899930 0.441465 0.005618 0.004198
0 0.789853 0.438316 0.005267 0.002565
0 0.787044 0.435518 0.004565 0.002565
0 0.769663 0.428871 0.002809 0.002799
0 1.033883 0.425373 0.004565 0.002799
0 0.747015 0.426772 0.011587 0.006996
0 1.090765 0.417327 0.005969 0.003498
0 0.765274 0.407882 0.004565 0.002799
0 0.613764 0.390508 0.005618 0.003498
0 0.149930 0.388643 0.007725 0.006763
0 0.929424 0.378382 0.004213 0.002565
0 0.747191 0.374883 0.010534 0.007696
0 0.382725 0.372435 0.008427 0.005131
0 0.499649 0.368587 0.007022 0.003498
0 1.018961 0.357393 0.007022 0.004897
0 0.979459 0.351796 0.005969 0.004431
0 0.440485 0.346782 0.005969 0.003731
0 1.106566 0.344683 0.005267 0.004198
0 1.148525 0.318913 0.009129 0.005830
0 0.439431 0.306670 0.007374 0.004198
0 0.433638 0.301889 0.005618 0.003965
0 0.952423 0.300373 0.006671 0.004664
0 0.429951 0.291861 0.005969 0.003498
0 0.429249 0.279967 0.004565 0.003965
0 1.034410 0.278102 0.009129 0.005830
0 1.106215 0.276819 0.005969 0.004664
0 1.046699 0.275303 0.007022 0.005830
0 0.423104 0.273671 0.003511 0.003032
0 0.461728 0.270406 0.003511 0.003032
0 0.416608 0.271222 0.005969 0.005131
0 1.024052 0.269590 0.005267 0.004198
0 1.056882 0.261660 0.008427 0.006063
0 0.473139 0.241721 0.003862 0.003498
0 0.874298 0.242771 0.009831 0.006530
0 0.947331 0.234025 0.004916 0.003032
0 1.177493 0.226912 0.008778 0.004198
0 0.897121 0.226096 0.006320 0.003032
0 0.872542 0.220033 0.007022 0.005364
0 0.995435 0.221082 0.012640 0.008396
0 0.887289 0.219450 0.007725 0.007929
0 0.992802 0.214086 0.005969 0.003731
0 1.135709 0.209072 0.008076 0.006763
0 1.082338 0.205107 0.008778 0.006763
0 1.117275 0.195429 0.008427 0.006530
0 0.355162 0.193563 0.008076 0.005131
0 0.943820 0.191231 0.014747 0.009795
0 0.841292 0.155667 0.009831 0.005830
0 0.481917 0.140975 0.010183 0.006297
0 0.781074 0.137710 0.006671 0.004897
0 0.954003 0.132929 0.012640 0.008396
0 0.801088 0.130131 0.009480 0.005597
0 0.568118 0.114506 0.004916 0.002799
0 0.799508 0.106460 0.009129 0.005830
0 0.675737 0.100979 0.005267 0.004198
0 0.902037 0.087453 0.010534 0.006530
0 0.783883 0.082323 0.005969 0.003731
0 0.612008 0.083256 0.007022 0.005597
0 0.588659 0.079174 0.006671 0.003498
0 0.900983 0.076493 0.006320 0.004198
0 0.919593 0.074160 0.006320 0.004664
0 0.620962 0.067397 0.005267 0.003731
0 1.000527 0.025303 0.007374 0.005364
