0 1.148350 0.503615 0.008778 0.006297
0 0.696103 0.458139 0.008778 0.005830
0 1.127985 0.440765 0.004565 0.003265
0 1.089537 0.439832 0.004916 0.003731
0 0.605688 0.435868 0.007022 0.004198
0 1.034059 0.428172 0.004213 0.002799
0 1.086552 0.410564 0.006671 0.003965
0 1.064256 0.407649 0.004213 0.002799
0 0.951896 0.392957 0.003511 0.002332
0 0.962079 0.383862 0.004916 0.002799
0 0.948209 0.376982 0.010885 0.006763
0 1.081110 0.374650 0.005618 0.003032
0 1.112886 0.370569 0.003862 0.002332
0 1.078827 0.316814 0.005969 0.003965
0 0.483848 0.308069 0.004916 0.003731
0 1.201369 0.302355 0.004565 0.003032
0 1.178195 0.281017 0.003862 0.002799
0 0.642381 0.267840 0.007374 0.004431
0 0.664677 0.263526 0.004213 0.003265
0 0.931180 0.262243 0.003511 0.002099
0 0.880969 0.251516 0.005618 0.004431
0 0.914501 0.181320 0.006671 0.005364
0 0.959094 0.166861 0.004565 0.002565
0 0.888167 0.161847 0.002458 0.001399
0 0.874473 0.152868 0.004565 0.003032
0 0.852001 0.116721 0.008778 0.005364
0 0.546173 0.011544 0.008076 0.005364
